0 0.062255859375 0.0458984375 0.08447265625 0.091796875
0 0.113525390625 0.16064453125 0.10986328125 0.0908203125
0 0.069091796875 0.343017578125 0.04638671875 0.03466796875
0 0.246337890625 0.126220703125 0.06884765625 0.07275390625
0 0.251708984375 0.0556640625 0.07861328125 0.0693359375
0 0.0595703125 0.372802734375 0.095703125 0.03857421875
0 0.070556640625 0.416748046875 0.07568359375 0.03759765625
0 0.1025390625 0.473876953125 0.0859375 0.08935546875
0 0.0166015625 0.429443359375 0.033203125 0.04736328125
0 0.3603515625 0.439208984375 0.0830078125 0.05224609375
0 0.137451171875 0.60009765625 0.08642578125 0.1025390625
0 0.067626953125 0.604248046875 0.06201171875 0.05615234375
0 0.048828125 0.8330078125 0.087890625 0.076171875
0 0.309814453125 0.76513671875 0.05712890625 0.103515625
0 0.150390625 0.79736328125 0.0498046875 0.07421875
0 0.199462890625 0.80517578125 0.07177734375 0.0654296875
0 0.030029296875 0.71826171875 0.06005859375 0.078125
0 0.097900390625 0.961669921875 0.05908203125 0.07568359375
0 0.1435546875 0.9619140625 0.056640625 0.0751953125
0 0.43896484375 0.810302734375 0.068359375 0.07568359375
0 0.549072265625 0.634521484375 0.07275390625 0.07958984375
0 0.44482421875 0.58154296875 0.0546875 0.0576171875
0 0.309814453125 0.4755859375 0.06689453125 0.103515625
0 0.37939453125 0.4736328125 0.107421875 0.0458984375
0 0.39990234375 0.56201171875 0.0576171875 0.072265625
0 0.49267578125 0.34326171875 0.0595703125 0.0498046875
0 0.552734375 0.356689453125 0.078125 0.08056640625
0 0.30322265625 0.1796875 0.142578125 0.044921875
0 0.54931640625 0.137451171875 0.0634765625 0.07373046875
0 0.490478515625 0.238037109375 0.04638671875 0.06396484375
0 0.4501953125 0.2568359375 0.0458984375 0.056640625
0 0.857666015625 0.129150390625 0.10791015625 0.08056640625
0 0.896484375 0.08544921875 0.10546875 0.087890625
0 0.773193359375 0.23046875 0.07958984375 0.0849609375
0 0.77734375 0.295166015625 0.03515625 0.06005859375
0 0.73046875 0.481689453125 0.0673828125 0.07177734375
0 0.901611328125 0.17822265625 0.07373046875 0.0419921875
0 0.832275390625 0.257568359375 0.06884765625 0.07275390625
0 0.8193359375 0.3203125 0.07421875 0.0517578125
0 0.90087890625 0.603271484375 0.0576171875 0.04736328125
0 0.446533203125 0.325439453125 0.05810546875 0.08935546875
0 0.519287109375 0.484619140625 0.05712890625 0.07763671875
0 0.491455078125 0.47705078125 0.02685546875 0.029296875
0 0.612548828125 0.495361328125 0.08349609375 0.06982421875
0 0.724853515625 0.525390625 0.05712890625 0.04296875
0 0.690673828125 0.525146484375 0.05615234375 0.06591796875
0 0.619873046875 0.41845703125 0.07470703125 0.072265625
0 0.69677734375 0.252685546875 0.0966796875 0.06298828125
0 0.633056640625 0.262451171875 0.04052734375 0.06494140625
0 0.657470703125 0.28564453125 0.06396484375 0.03515625
0 0.590087890625 0.317138671875 0.05224609375 0.04931640625
0 0.57958984375 0.26806640625 0.0771484375 0.0693359375
0 0.7646484375 0.01171875 0.0634765625 0.0234375
0 0.708984375 0.09716796875 0.1591796875 0.083984375
0 0.95458984375 0.29931640625 0.02734375 0.0205078125
0 0.860107421875 0.458984375 0.03564453125 0.03515625
0 0.956787109375 0.4775390625 0.04345703125 0.0361328125
0 0.95947265625 0.635498046875 0.080078125 0.11376953125
0 0.976806640625 0.55419921875 0.04541015625 0.0625
0 0.785888671875 0.720458984375 0.06884765625 0.08642578125
0 0.668701171875 0.7431640625 0.05029296875 0.052734375
0 0.92333984375 0.717041015625 0.068359375 0.09130859375
0 0.86279296875 0.748046875 0.0380859375 0.048828125
0 0.841552734375 0.7470703125 0.09228515625 0.1240234375
0 0.932373046875 0.8359375 0.07568359375 0.060546875
0 0.633056640625 0.909912109375 0.04638671875 0.04150390625
0 0.66943359375 0.8603515625 0.0849609375 0.0673828125
0 0.57666015625 0.92822265625 0.087890625 0.064453125
0 0.116455078125 0.673828125 0.04345703125 0.0595703125
0 0.06591796875 0.206787109375 0.0537109375 0.06201171875
0 0.02197265625 0.140380859375 0.0439453125 0.09228515625
0 0.07373046875 0.11865234375 0.072265625 0.1083984375
0 0.02880859375 0.211181640625 0.05078125 0.08154296875
0 0.22998046875 0.499755859375 0.076171875 0.08251953125
0 0.18115234375 0.569580078125 0.07421875 0.08251953125
0 0.3076171875 0.892578125 0.08203125 0.0849609375
0 0.258544921875 0.88330078125 0.06982421875 0.091796875
0 0.19189453125 0.88916015625 0.078125 0.0986328125
0 0.155517578125 0.677734375 0.05810546875 0.0966796875
0 0.41748046875 0.887939453125 0.091796875 0.09619140625
0 0.6083984375 0.661376953125 0.0947265625 0.08251953125
0 0.3701171875 0.528076171875 0.068359375 0.06982421875
0 0.242919921875 0.58984375 0.07275390625 0.0966796875
0 0.346435546875 0.250244140625 0.09326171875 0.10498046875
0 0.385009765625 0.022216796875 0.08935546875 0.04443359375
0 0.622802734375 0.201171875 0.06005859375 0.07421875
0 0.533447265625 0.22412109375 0.05712890625 0.0947265625
0 0.640380859375 0.348388671875 0.09033203125 0.09228515625
0 0.808837890625 0.431640625 0.04638671875 0.0556640625
0 0.9189453125 0.46484375 0.0498046875 0.0595703125
0 0.963623046875 0.510009765625 0.05322265625 0.03857421875
0 0.927001953125 0.557373046875 0.04638671875 0.05615234375
0 0.87646484375 0.666015625 0.046875 0.0498046875
0 0.404052734375 0.420654296875 0.03662109375 0.06298828125
0 0.822998046875 0.462158203125 0.04150390625 0.05712890625
0 0.749267578125 0.356689453125 0.06005859375 0.06591796875
0 0.768798828125 0.05712890625 0.05810546875 0.0615234375
0 0.6513671875 0.029296875 0.125 0.05859375
0 0.9638671875 0.020263671875 0.0712890625 0.04052734375
0 0.93603515625 0.266357421875 0.0498046875 0.05322265625
0 0.745361328125 0.604248046875 0.04443359375 0.06494140625
0 0.711181640625 0.588134765625 0.03564453125 0.03466796875
0 0.896728515625 0.5322265625 0.09033203125 0.048828125
0 0.731201171875 0.667236328125 0.06201171875 0.05029296875
0 0.973388671875 0.73291015625 0.05126953125 0.0849609375
0 0.81494140625 0.8603515625 0.0556640625 0.060546875
0 0.925048828125 0.9599609375 0.07763671875 0.04296875
0 0.83740234375 0.907958984375 0.048828125 0.08837890625
0 0.625 0.963623046875 0.0810546875 0.07177734375
0 0.59912109375 0.764404296875 0.087890625 0.03955078125
0 0.062255859375 0.695068359375 0.07080078125 0.07666015625
0 0.134765625 0.2470703125 0.083984375 0.087890625
0 0.099853515625 0.273681640625 0.05712890625 0.08544921875
0 0.043701171875 0.26171875 0.08740234375 0.060546875
0 0.024169921875 0.323486328125 0.04833984375 0.06396484375
0 0.069091796875 0.306640625 0.08349609375 0.0625
0 0.294921875 0.125244140625 0.05859375 0.10498046875
0 0.044189453125 0.478515625 0.07275390625 0.0810546875
0 0.03076171875 0.557373046875 0.0615234375 0.07080078125
0 0.05029296875 0.632080078125 0.1005859375 0.08740234375
0 0.05615234375 0.77685546875 0.056640625 0.0478515625
0 0.01953125 0.78173828125 0.0390625 0.0390625
0 0.02587890625 0.812744140625 0.0517578125 0.03857421875
0 0.20849609375 0.66552734375 0.072265625 0.107421875
0 0.395751953125 0.944580078125 0.10986328125 0.10986328125
0 0.293212890625 0.577392578125 0.04736328125 0.06298828125
0 0.262939453125 0.600341796875 0.03076171875 0.05810546875
0 0.3017578125 0.62451171875 0.05078125 0.0419921875
0 0.36572265625 0.603515625 0.0556640625 0.0625
0 0.4150390625 0.4990234375 0.05078125 0.0595703125
0 0.479248046875 0.539306640625 0.09228515625 0.06298828125
0 0.513671875 0.580322265625 0.1015625 0.07275390625
0 0.467041015625 0.6591796875 0.05908203125 0.037109375
0 0.413330078125 0.608154296875 0.05517578125 0.05126953125
0 0.516845703125 0.1611328125 0.04833984375 0.04296875
0 0.3740234375 0.37158203125 0.0615234375 0.0703125
0 0.5625 0.214111328125 0.0595703125 0.03857421875
0 0.567626953125 0.25732421875 0.04638671875 0.0546875
0 0.509033203125 0.28515625 0.08251953125 0.0673828125
0 0.59765625 0.377685546875 0.0322265625 0.02783203125
0 0.665283203125 0.14306640625 0.08642578125 0.1044921875
0 0.596923828125 0.110595703125 0.06103515625 0.05712890625
0 0.89453125 0.216796875 0.076171875 0.0556640625
0 0.87841796875 0.299072265625 0.068359375 0.08251953125
0 0.59375 0.556640625 0.080078125 0.072265625
0 0.86279296875 0.3955078125 0.1044921875 0.1123046875
0 0.76416015625 0.8134765625 0.1103515625 0.103515625
0 0.65185546875 0.79443359375 0.0888671875 0.08203125
0 0.724609375 0.764892578125 0.083984375 0.06298828125
0 0.509033203125 0.427490234375 0.05615234375 0.05908203125
0 0.551513671875 0.451416015625 0.07861328125 0.14013671875
0 0.67138671875 0.47265625 0.064453125 0.0693359375
0 0.83984375 0.020263671875 0.0947265625 0.04052734375
0 0.946533203125 0.352294921875 0.09912109375 0.08837890625
0 0.97705078125 0.453369140625 0.044921875 0.06005859375
0 0.85693359375 0.503662109375 0.0888671875 0.07568359375
0 0.799072265625 0.626953125 0.07373046875 0.083984375
0 0.682861328125 0.7119140625 0.06884765625 0.06640625
0 0.869384765625 0.92236328125 0.05712890625 0.0595703125
0 0.9658203125 0.88330078125 0.06640625 0.1064453125
0 0.733642578125 0.927001953125 0.05810546875 0.06005859375
0 0.949462890625 0.98974609375 0.07861328125 0.01953125
0 0.67822265625 0.9833984375 0.0791015625 0.0322265625
0 0.7431640625 0.97802734375 0.0556640625 0.04296875
0 0.555419921875 0.9833984375 0.10986328125 0.0322265625
0 0.48779296875 0.635986328125 0.0771484375 0.06005859375
0 0.146728515625 0.104248046875 0.07763671875 0.09033203125
0 0.15771484375 0.452392578125 0.0927734375 0.06689453125
0 0.103271484375 0.8955078125 0.08544921875 0.0732421875
0 0.102294921875 0.8193359375 0.04541015625 0.044921875
0 0.156494140625 0.864013671875 0.06494140625 0.07666015625
0 0.335693359375 0.83740234375 0.10791015625 0.0546875
0 0.40673828125 0.755859375 0.0478515625 0.0400390625
0 0.962158203125 0.247314453125 0.07177734375 0.05419921875
0 0.62353515625 0.58935546875 0.078125 0.078125
0 0.6826171875 0.425537109375 0.0361328125 0.03759765625
0 0.740966796875 0.30419921875 0.05322265625 0.0654296875
0 0.73046875 0.713623046875 0.05859375 0.04443359375
0 0.694091796875 0.903076171875 0.06494140625 0.03955078125
0 0.874267578125 0.842529296875 0.02099609375 0.02587890625
0 0.807373046875 0.97216796875 0.07568359375 0.0546875
0 0.447509765625 0.698974609375 0.06591796875 0.04833984375
