0 0.083740234375 0.02490234375 0.06689453125 0.0498046875
0 0.19873046875 0.083251953125 0.0712890625 0.06201171875
0 0.218994140625 0.050048828125 0.07373046875 0.06005859375
0 0.10009765625 0.084228515625 0.044921875 0.07763671875
0 0.088134765625 0.14697265625 0.03857421875 0.0439453125
0 0.07421875 0.266357421875 0.0615234375 0.05712890625
0 0.171142578125 0.185546875 0.08349609375 0.087890625
0 0.19287109375 0.22802734375 0.041015625 0.046875
0 0.01025390625 0.15283203125 0.0205078125 0.046875
0 0.24755859375 0.408447265625 0.0517578125 0.06005859375
0 0.07763671875 0.603759765625 0.0615234375 0.05224609375
0 0.306396484375 0.798095703125 0.04541015625 0.04150390625
0 0.242431640625 0.924072265625 0.07080078125 0.07568359375
0 0.26220703125 0.97216796875 0.0439453125 0.0546875
0 0.437744140625 0.9404296875 0.06201171875 0.0908203125
0 0.423828125 0.802978515625 0.0361328125 0.04638671875
0 0.41796875 0.7587890625 0.0341796875 0.05078125
0 0.674560546875 0.837158203125 0.03564453125 0.03662109375
0 0.71728515625 0.907958984375 0.0595703125 0.04248046875
0 0.85400390625 0.786376953125 0.0302734375 0.06005859375
0 0.7314453125 0.787841796875 0.060546875 0.10009765625
0 0.5126953125 0.572998046875 0.0478515625 0.05224609375
0 0.653076171875 0.6337890625 0.07275390625 0.1123046875
0 0.590087890625 0.18994140625 0.08349609375 0.1171875
0 0.935302734375 0.02392578125 0.09326171875 0.0478515625
0 0.9736328125 0.182861328125 0.0517578125 0.06787109375
0 0.978515625 0.264892578125 0.0419921875 0.05419921875
0 0.41943359375 0.270263671875 0.072265625 0.07275390625
0 0.59765625 0.384521484375 0.03515625 0.05517578125
0 0.56689453125 0.376220703125 0.0390625 0.05029296875
0 0.406494140625 0.397216796875 0.03955078125 0.06103515625
0 0.382080078125 0.380859375 0.03271484375 0.05078125
0 0.345703125 0.514404296875 0.0400390625 0.05908203125
0 0.789794921875 0.510009765625 0.07958984375 0.06591796875
0 0.7783203125 0.417236328125 0.0341796875 0.04443359375
0 0.818359375 0.349609375 0.15234375 0.0986328125
0 0.063232421875 0.091796875 0.04541015625 0.08203125
0 0.213623046875 0.30615234375 0.09228515625 0.072265625
0 0.229248046875 0.251953125 0.07568359375 0.052734375
0 0.09814453125 0.3642578125 0.064453125 0.0810546875
0 0.193115234375 0.42919921875 0.05712890625 0.0400390625
0 0.359130859375 0.391357421875 0.06494140625 0.07861328125
0 0.2939453125 0.46728515625 0.111328125 0.0703125
0 0.080322265625 0.552978515625 0.08740234375 0.05810546875
0 0.175537109375 0.5625 0.06689453125 0.0576171875
0 0.216796875 0.506103515625 0.07421875 0.06787109375
0 0.05126953125 0.640625 0.1025390625 0.119140625
0 0.222900390625 0.68310546875 0.04833984375 0.05859375
0 0.234375 0.55859375 0.07421875 0.068359375
0 0.1767578125 0.76416015625 0.0830078125 0.091796875
0 0.142333984375 0.78271484375 0.04931640625 0.037109375
0 0.381591796875 0.808837890625 0.05810546875 0.08251953125
0 0.35888671875 0.746337890625 0.091796875 0.08056640625
0 0.01611328125 0.93505859375 0.0322265625 0.0556640625
0 0.21875 0.98388671875 0.0576171875 0.03125
0 0.2822265625 0.893310546875 0.099609375 0.06884765625
0 0.493408203125 0.980224609375 0.09326171875 0.03857421875
0 0.513427734375 0.865966796875 0.09423828125 0.09033203125
0 0.576171875 0.84521484375 0.0634765625 0.091796875
0 0.665283203125 0.798583984375 0.09521484375 0.07275390625
0 0.91015625 0.91650390625 0.11328125 0.0888671875
0 0.946533203125 0.943359375 0.10107421875 0.07421875
0 0.97021484375 0.977783203125 0.05859375 0.04345703125
0 0.859619140625 0.89892578125 0.06005859375 0.0517578125
0 0.84521484375 0.857421875 0.04296875 0.044921875
0 0.851806640625 0.742431640625 0.05615234375 0.05615234375
0 0.647216796875 0.704345703125 0.03173828125 0.05322265625
0 0.570556640625 0.68505859375 0.05615234375 0.060546875
0 0.460693359375 0.76220703125 0.06494140625 0.095703125
0 0.564453125 0.608642578125 0.0849609375 0.06884765625
0 0.62060546875 0.5556640625 0.06640625 0.041015625
0 0.56689453125 0.549072265625 0.064453125 0.06396484375
0 0.513916015625 0.529541015625 0.06982421875 0.04638671875
0 0.397216796875 0.14892578125 0.08056640625 0.083984375
0 0.530029296875 0.172607421875 0.04345703125 0.05029296875
0 0.574462890625 0.147216796875 0.05224609375 0.05908203125
0 0.676513671875 0.05712890625 0.06884765625 0.05859375
0 0.77099609375 0.042236328125 0.0732421875 0.07763671875
0 0.919677734375 0.238037109375 0.08251953125 0.07080078125
0 0.344482421875 0.333251953125 0.03466796875 0.04443359375
0 0.58203125 0.30712890625 0.1376953125 0.10546875
0 0.4853515625 0.386962890625 0.064453125 0.08349609375
0 0.43603515625 0.39990234375 0.05078125 0.052734375
0 0.375244140625 0.455810546875 0.06396484375 0.06396484375
0 0.604736328125 0.510498046875 0.09130859375 0.08154296875
0 0.7744140625 0.379638671875 0.0341796875 0.03466796875
0 0.9697265625 0.421875 0.0595703125 0.0771484375
0 0.975341796875 0.496337890625 0.04833984375 0.07373046875
0 0.036865234375 0.069091796875 0.07373046875 0.08056640625
0 0.2880859375 0.155029296875 0.0869140625 0.07470703125
0 0.185546875 0.113525390625 0.056640625 0.04736328125
0 0.143310546875 0.08056640625 0.04150390625 0.04296875
0 0.128173828125 0.127685546875 0.08740234375 0.07470703125
0 0.14892578125 0.171630859375 0.056640625 0.08349609375
0 0.0361328125 0.125244140625 0.072265625 0.04345703125
0 0.134033203125 0.11279296875 0.25830078125 0.2255859375
0 0.14306640625 0.0400390625 0.080078125 0.080078125
0 0.094482421875 0.20947265625 0.08056640625 0.0986328125
0 0.186767578125 0.266357421875 0.02392578125 0.02392578125
0 0.2373046875 0.195556640625 0.091796875 0.07373046875
0 0.288818359375 0.268798828125 0.10400390625 0.08251953125
0 0.296142578125 0.3193359375 0.05517578125 0.0322265625
0 0.271484375 0.32763671875 0.0263671875 0.033203125
0 0.059326171875 0.463623046875 0.06201171875 0.04931640625
0 0.030029296875 0.509521484375 0.05712890625 0.06982421875
0 0.081298828125 0.48876953125 0.03271484375 0.037109375
0 0.129150390625 0.392822265625 0.08544921875 0.06982421875
0 0.196044921875 0.389404296875 0.05908203125 0.05517578125
0 0.135986328125 0.466064453125 0.09130859375 0.09423828125
0 0.300537109375 0.361328125 0.07080078125 0.07421875
0 0.31640625 0.396240234375 0.033203125 0.02392578125
0 0.322509765625 0.423095703125 0.02880859375 0.03662109375
0 0.28955078125 0.4267578125 0.0458984375 0.0439453125
0 0.261962890625 0.444580078125 0.02099609375 0.01708984375
0 0.0732421875 0.521240234375 0.044921875 0.03955078125
0 0.139404296875 0.5380859375 0.05712890625 0.064453125
0 0.166259765625 0.529052734375 0.02685546875 0.02978515625
0 0.25732421875 0.600830078125 0.029296875 0.02685546875
0 0.291748046875 0.618408203125 0.02587890625 0.03369140625
0 0.274658203125 0.615234375 0.01318359375 0.015625
0 0.261474609375 0.620849609375 0.02392578125 0.02099609375
0 0.267333984375 0.634521484375 0.03369140625 0.02294921875
0 0.21923828125 0.614501953125 0.0615234375 0.06396484375
0 0.160400390625 0.620849609375 0.06787109375 0.06689453125
0 0.210205078125 0.714111328125 0.05810546875 0.05615234375
0 0.189208984375 0.67333984375 0.02978515625 0.0439453125
0 0.1396484375 0.66259765625 0.0859375 0.056640625
0 0.14599609375 0.712890625 0.087890625 0.0556640625
0 0.3046875 0.734375 0.0712890625 0.0625
0 0.340087890625 0.6904296875 0.03857421875 0.03515625
0 0.1123046875 0.739501953125 0.0615234375 0.06396484375
0 0.176025390625 0.8486328125 0.08154296875 0.103515625
0 0.23974609375 0.7880859375 0.0654296875 0.1279296875
0 0.27587890625 0.768310546875 0.044921875 0.04736328125
0 0.34423828125 0.803955078125 0.03515625 0.06005859375
0 0.2841796875 0.831298828125 0.0498046875 0.03466796875
0 0.307373046875 0.85498046875 0.03369140625 0.03125
0 0.34765625 0.857177734375 0.052734375 0.04736328125
0 0.447509765625 0.84814453125 0.05224609375 0.0419921875
0 0.130126953125 0.89599609375 0.06787109375 0.0615234375
0 0.17333984375 0.929443359375 0.076171875 0.06884765625
0 0.337646484375 0.96875 0.07861328125 0.0615234375
0 0.322998046875 0.921630859375 0.06689453125 0.05810546875
0 0.366455078125 0.899169921875 0.05810546875 0.04638671875
0 0.38037109375 0.922119140625 0.044921875 0.06396484375
0 0.398193359375 0.951171875 0.04150390625 0.056640625
0 0.45263671875 0.89013671875 0.0732421875 0.0634765625
0 0.663330078125 0.91796875 0.05029296875 0.0380859375
0 0.677490234375 0.888916015625 0.05712890625 0.03662109375
0 0.540771484375 0.809326171875 0.05126953125 0.05517578125
0 0.609375 0.82666015625 0.0537109375 0.0849609375
0 0.536865234375 0.769287109375 0.04150390625 0.04345703125
0 0.707275390625 0.95458984375 0.06494140625 0.0654296875
0 0.627197265625 0.914794921875 0.03857421875 0.04150390625
0 0.655029296875 0.885009765625 0.05224609375 0.04736328125
0 0.69775390625 0.86962890625 0.0869140625 0.04296875
0 0.720458984375 0.8310546875 0.03955078125 0.037109375
0 0.79833984375 0.881103515625 0.083984375 0.08935546875
0 0.74267578125 0.968505859375 0.0888671875 0.06201171875
0 0.9150390625 0.872802734375 0.03125 0.03173828125
0 0.89892578125 0.864990234375 0.0322265625 0.02880859375
0 0.968994140625 0.82177734375 0.06103515625 0.0712890625
0 0.90966796875 0.833251953125 0.072265625 0.08349609375
0 0.880859375 0.84765625 0.03125 0.0322265625
0 0.825927734375 0.797119140625 0.04736328125 0.08837890625
0 0.788818359375 0.79736328125 0.06005859375 0.103515625
0 0.69921875 0.74951171875 0.0263671875 0.0244140625
0 0.67431640625 0.754150390625 0.0361328125 0.02880859375
0 0.639404296875 0.757568359375 0.03271484375 0.03857421875
0 0.614501953125 0.76171875 0.03271484375 0.0556640625
0 0.65234375 0.739990234375 0.02734375 0.02978515625
0 0.70068359375 0.71826171875 0.0830078125 0.05859375
0 0.762451171875 0.715087890625 0.05126953125 0.06396484375
0 0.83154296875 0.694091796875 0.0712890625 0.07275390625
0 0.888916015625 0.7158203125 0.04443359375 0.0400390625
0 0.921875 0.65234375 0.0712890625 0.07421875
0 0.962158203125 0.683837890625 0.07470703125 0.08740234375
0 0.884521484375 0.68603515625 0.05126953125 0.0595703125
0 0.70654296875 0.665283203125 0.0888671875 0.06396484375
0 0.52490234375 0.69384765625 0.0478515625 0.052734375
0 0.59130859375 0.750732421875 0.025390625 0.06884765625
0 0.625244140625 0.720947265625 0.05810546875 0.05224609375
0 0.605224609375 0.693359375 0.03369140625 0.0615234375
0 0.409423828125 0.67724609375 0.06201171875 0.0712890625
0 0.41162109375 0.7353515625 0.0712890625 0.0556640625
0 0.3818359375 0.554931640625 0.0498046875 0.07177734375
0 0.408203125 0.521484375 0.0458984375 0.0546875
0 0.447998046875 0.506591796875 0.07666015625 0.06884765625
0 0.599853515625 0.59765625 0.05615234375 0.0556640625
0 0.629638671875 0.655517578125 0.04736328125 0.08544921875
0 0.591552734375 0.6533203125 0.03759765625 0.0439453125
0 0.713134765625 0.62060546875 0.06787109375 0.041015625
0 0.722900390625 0.5908203125 0.04443359375 0.0341796875
0 0.719970703125 0.566162109375 0.04833984375 0.03076171875
0 0.400146484375 0.04150390625 0.07080078125 0.0830078125
0 0.500244140625 0.128662109375 0.07763671875 0.07177734375
0 0.51123046875 0.04736328125 0.0703125 0.0830078125
0 0.615478515625 0.019775390625 0.05810546875 0.03955078125
0 0.45947265625 0.18310546875 0.076171875 0.068359375
0 0.65234375 0.181640625 0.0830078125 0.08984375
0 0.68896484375 0.01416015625 0.06640625 0.0283203125
0 0.81884765625 0.026611328125 0.0595703125 0.05322265625
0 0.940185546875 0.0732421875 0.04345703125 0.052734375
0 0.906982421875 0.1806640625 0.07568359375 0.0703125
0 0.83447265625 0.1923828125 0.0888671875 0.0625
0 0.986328125 0.079345703125 0.0263671875 0.03466796875
0 0.97998046875 0.16259765625 0.0390625 0.0517578125
0 0.822021484375 0.256103515625 0.07275390625 0.06787109375
0 0.886962890625 0.26318359375 0.06201171875 0.0654296875
0 0.97998046875 0.2294921875 0.0390625 0.03515625
0 0.961181640625 0.3154296875 0.07080078125 0.064453125
0 0.958740234375 0.369384765625 0.03955078125 0.04052734375
0 0.908203125 0.312744140625 0.03515625 0.03271484375
0 0.707763671875 0.318115234375 0.09423828125 0.10107421875
0 0.82373046875 0.303955078125 0.0673828125 0.04541015625
0 0.78662109375 0.222412109375 0.064453125 0.06201171875
0 0.481689453125 0.43310546875 0.03076171875 0.0263671875
0 0.533447265625 0.421630859375 0.02783203125 0.02587890625
0 0.52880859375 0.37646484375 0.0478515625 0.048828125
0 0.488037109375 0.332763671875 0.03759765625 0.05322265625
0 0.392822265625 0.346923828125 0.06982421875 0.06201171875
0 0.405517578125 0.31005859375 0.02294921875 0.015625
0 0.40185546875 0.293701171875 0.0234375 0.02099609375
0 0.45458984375 0.355712890625 0.033203125 0.04052734375
0 0.496826171875 0.298095703125 0.06494140625 0.06982421875
0 0.636474609375 0.425048828125 0.08349609375 0.08544921875
0 0.7080078125 0.38525390625 0.0732421875 0.0615234375
0 0.610595703125 0.324462890625 0.02587890625 0.02880859375
0 0.432861328125 0.36181640625 0.02197265625 0.029296875
0 0.392333984375 0.481689453125 0.04150390625 0.03857421875
0 0.3720703125 0.502197265625 0.04296875 0.05419921875
0 0.66748046875 0.477783203125 0.08203125 0.10302734375
0 0.718505859375 0.50830078125 0.08642578125 0.068359375
0 0.7353515625 0.44482421875 0.080078125 0.07421875
0 0.843017578125 0.500732421875 0.08154296875 0.07861328125
0 0.746337890625 0.39306640625 0.04052734375 0.0439453125
0 0.80615234375 0.405029296875 0.0283203125 0.06005859375
0 0.857421875 0.4140625 0.0810546875 0.0947265625
0 0.908447265625 0.49658203125 0.07177734375 0.0703125
0 0.890380859375 0.44677734375 0.07763671875 0.0546875
0 0.76025390625 0.35693359375 0.0341796875 0.03125
0 0.92138671875 0.38525390625 0.0859375 0.1064453125
0 0.860595703125 0.019287109375 0.06884765625 0.03857421875
0 0.801513671875 0.651611328125 0.05517578125 0.07958984375
0 0.829345703125 0.62841796875 0.03271484375 0.0283203125
0 0.9697265625 0.610595703125 0.0595703125 0.07177734375
0 0.302978515625 0.034423828125 0.07568359375 0.06884765625
0 0.02880859375 0.046875 0.0576171875 0.09375
0 0.14208984375 0.262451171875 0.072265625 0.08740234375
0 0.0986328125 0.2958984375 0.080078125 0.064453125
0 0.37109375 0.2236328125 0.0556640625 0.056640625
0 0.2392578125 0.35107421875 0.0625 0.0537109375
0 0.16455078125 0.34912109375 0.072265625 0.0771484375
0 0.03857421875 0.4228515625 0.0771484375 0.107421875
0 0.2080078125 0.46826171875 0.0673828125 0.0654296875
0 0.1083984375 0.51904296875 0.0419921875 0.044921875
0 0.3056640625 0.545166015625 0.107421875 0.10693359375
0 0.284912109375 0.58935546875 0.07861328125 0.0615234375
0 0.29150390625 0.67578125 0.10546875 0.1162109375
0 0.04638671875 0.741943359375 0.0927734375 0.10791015625
0 0.068603515625 0.841552734375 0.05810546875 0.07470703125
0 0.118896484375 0.833740234375 0.05126953125 0.08642578125
0 0.072265625 0.9306640625 0.0673828125 0.0732421875
0 0.045166015625 0.97265625 0.09033203125 0.0537109375
0 0.150146484375 0.9853515625 0.07275390625 0.0283203125
0 0.460693359375 0.813232421875 0.11669921875 0.06982421875
0 0.4970703125 0.93701171875 0.060546875 0.087890625
0 0.538818359375 0.940185546875 0.06689453125 0.06494140625
0 0.627685546875 0.95751953125 0.10595703125 0.0673828125
0 0.569580078125 0.969970703125 0.08056640625 0.05908203125
0 0.840087890625 0.9599609375 0.11572265625 0.0791015625
0 0.887939453125 0.78271484375 0.05224609375 0.07421875
0 0.517333984375 0.7529296875 0.04931640625 0.0634765625
0 0.564208984375 0.74755859375 0.03759765625 0.07421875
0 0.460205078125 0.6943359375 0.06982421875 0.0625
0 0.4697265625 0.642333984375 0.0791015625 0.05517578125
0 0.67626953125 0.57568359375 0.0546875 0.0537109375
0 0.7685546875 0.583251953125 0.0751953125 0.07373046875
0 0.447265625 0.066162109375 0.0693359375 0.06689453125
0 0.442626953125 0.1181640625 0.06884765625 0.0546875
0 0.833251953125 0.14208984375 0.07568359375 0.064453125
0 0.884521484375 0.0576171875 0.08642578125 0.0810546875
0 0.974365234375 0.117919921875 0.05029296875 0.04931640625
0 0.453125 0.247802734375 0.078125 0.07958984375
0 0.53857421875 0.2509765625 0.0947265625 0.083984375
0 0.62548828125 0.235107421875 0.07421875 0.05810546875
0 0.644287109375 0.271484375 0.07666015625 0.0703125
0 0.776611328125 0.280029296875 0.05810546875 0.06298828125
0 0.3671875 0.299560546875 0.0576171875 0.06298828125
0 0.439208984375 0.32568359375 0.05126953125 0.044921875
0 0.548828125 0.3974609375 0.0400390625 0.0380859375
0 0.63818359375 0.349609375 0.07421875 0.0751953125
0 0.437744140625 0.446044921875 0.07763671875 0.07275390625
0 0.798828125 0.4609375 0.05859375 0.0615234375
0 0.95751953125 0.470703125 0.0771484375 0.076171875
0 0.867919921875 0.61962890625 0.09228515625 0.07421875
0 0.89111328125 0.576171875 0.1044921875 0.076171875
