0 0.06103515625 0.042236328125 0.0986328125 0.08447265625
0 0.0224609375 0.139404296875 0.044921875 0.09814453125
0 0.069091796875 0.091552734375 0.07177734375 0.06201171875
0 0.110595703125 0.16162109375 0.10595703125 0.0986328125
0 0.30078125 0.1845703125 0.1357421875 0.0498046875
0 0.242919921875 0.0556640625 0.09619140625 0.0712890625
0 0.3193359375 0.06591796875 0.060546875 0.0595703125
0 0.384033203125 0.02685546875 0.08935546875 0.0537109375
0 0.0341796875 0.200927734375 0.068359375 0.15087890625
0 0.302734375 0.477783203125 0.0771484375 0.12548828125
0 0.3544921875 0.443115234375 0.0908203125 0.06884765625
0 0.03759765625 0.369384765625 0.0595703125 0.04833984375
0 0.072509765625 0.359619140625 0.05908203125 0.06884765625
0 0.0859375 0.411376953125 0.0478515625 0.04638671875
0 0.024169921875 0.42626953125 0.04833984375 0.072265625
0 0.031982421875 0.558349609375 0.06396484375 0.06884765625
0 0.13623046875 0.599609375 0.08984375 0.1025390625
0 0.0673828125 0.599609375 0.0615234375 0.05859375
0 0.179443359375 0.569091796875 0.08447265625 0.09130859375
0 0.110107421875 0.673583984375 0.05615234375 0.06494140625
0 0.047119140625 0.843017578125 0.09423828125 0.08740234375
0 0.148193359375 0.794921875 0.06396484375 0.083984375
0 0.19775390625 0.802978515625 0.0732421875 0.07568359375
0 0.30908203125 0.761962890625 0.06640625 0.10302734375
0 0.09423828125 0.964599609375 0.05859375 0.06982421875
0 0.025146484375 0.984619140625 0.05029296875 0.02978515625
0 0.146240234375 0.95849609375 0.06396484375 0.08203125
0 0.184814453125 0.902587890625 0.07666015625 0.07177734375
0 0.202880859375 0.878173828125 0.08349609375 0.08447265625
0 0.576904296875 0.92919921875 0.08544921875 0.0732421875
0 0.61865234375 0.96240234375 0.083984375 0.07421875
0 0.63427734375 0.9091796875 0.05078125 0.0380859375
0 0.68212890625 0.85986328125 0.1220703125 0.080078125
0 0.928466796875 0.961181640625 0.10693359375 0.05322265625
0 0.918212890625 0.923828125 0.04541015625 0.033203125
0 0.812255859375 0.862060546875 0.09130859375 0.10595703125
0 0.920654296875 0.760498046875 0.08544921875 0.07568359375
0 0.96533203125 0.723876953125 0.068359375 0.09130859375
0 0.923828125 0.700439453125 0.0771484375 0.07568359375
0 0.838134765625 0.744140625 0.10595703125 0.1279296875
0 0.789306640625 0.72021484375 0.07958984375 0.1005859375
0 0.727783203125 0.665283203125 0.06494140625 0.05126953125
0 0.6669921875 0.737548828125 0.0595703125 0.04638671875
0 0.953369140625 0.6357421875 0.08642578125 0.1181640625
0 0.90478515625 0.608642578125 0.0830078125 0.05126953125
0 0.743896484375 0.608154296875 0.04833984375 0.08740234375
0 0.54931640625 0.64208984375 0.06640625 0.1005859375
0 0.368896484375 0.528076171875 0.07177734375 0.07666015625
0 0.394287109375 0.564208984375 0.07275390625 0.06982421875
0 0.434814453125 0.5732421875 0.05419921875 0.068359375
0 0.60888671875 0.49267578125 0.07421875 0.0751953125
0 0.5478515625 0.461181640625 0.0810546875 0.13916015625
0 0.536376953125 0.542236328125 0.04931640625 0.05126953125
0 0.5888671875 0.44775390625 0.0322265625 0.0380859375
0 0.6259765625 0.420654296875 0.0849609375 0.08056640625
0 0.51708984375 0.48828125 0.0615234375 0.068359375
0 0.440185546875 0.325927734375 0.05810546875 0.09228515625
0 0.55517578125 0.363525390625 0.09375 0.07080078125
0 0.496826171875 0.2509765625 0.04150390625 0.03515625
0 0.450927734375 0.255126953125 0.05810546875 0.06005859375
0 0.5517578125 0.139404296875 0.064453125 0.07470703125
0 0.768798828125 0.23486328125 0.08251953125 0.0849609375
0 0.636962890625 0.02978515625 0.09716796875 0.0595703125
0 0.78662109375 0.048095703125 0.1298828125 0.09619140625
0 0.894775390625 0.08544921875 0.09228515625 0.0908203125
0 0.856201171875 0.126220703125 0.11669921875 0.08544921875
0 0.89697265625 0.181884765625 0.083984375 0.05322265625
0 0.837890625 0.256591796875 0.0908203125 0.06884765625
0 0.5625 0.2919921875 0.0 0.0
0 0.586669921875 0.31591796875 0.05419921875 0.0546875
0 0.628173828125 0.269775390625 0.04541015625 0.07568359375
0 0.654052734375 0.28466796875 0.06494140625 0.0380859375
0 0.6953125 0.540771484375 0.080078125 0.05615234375
0 0.89990234375 0.5283203125 0.08203125 0.0390625
0 0.875732421875 0.55615234375 0.05322265625 0.0546875
0 0.922607421875 0.556640625 0.05517578125 0.0595703125
0 0.974853515625 0.549560546875 0.04931640625 0.06591796875
0 0.861083984375 0.4560546875 0.04736328125 0.0361328125
0 0.954833984375 0.513427734375 0.03076171875 0.04443359375
0 0.826904296875 0.322998046875 0.08935546875 0.08154296875
0 0.98095703125 0.410400390625 0.037109375 0.04443359375
0 0.01611328125 0.9287109375 0.0322265625 0.076171875
0 0.064453125 0.202880859375 0.056640625 0.06689453125
0 0.341796875 0.25 0.087890625 0.1083984375
0 0.097412109375 0.47216796875 0.10302734375 0.099609375
0 0.218994140625 0.494384765625 0.10009765625 0.09521484375
0 0.156494140625 0.676025390625 0.06103515625 0.10009765625
0 0.060302734375 0.686767578125 0.06591796875 0.06787109375
0 0.031005859375 0.717529296875 0.06201171875 0.09228515625
0 0.1455078125 0.863525390625 0.078125 0.07666015625
0 0.339599609375 0.838134765625 0.12744140625 0.05615234375
0 0.1025390625 0.89892578125 0.0966796875 0.064453125
0 0.254638671875 0.87744140625 0.06396484375 0.095703125
0 0.30908203125 0.89111328125 0.076171875 0.0888671875
0 0.435302734375 0.807861328125 0.07373046875 0.07177734375
0 0.42236328125 0.88671875 0.0888671875 0.099609375
0 0.69482421875 0.908203125 0.0625 0.0439453125
0 0.595458984375 0.763427734375 0.08349609375 0.05322265625
0 0.881591796875 0.98681640625 0.06689453125 0.025390625
0 0.86767578125 0.90771484375 0.1171875 0.1005859375
0 0.87353515625 0.660888671875 0.0419921875 0.05224609375
0 0.728271484375 0.70703125 0.06494140625 0.056640625
0 0.6025390625 0.657958984375 0.08984375 0.08740234375
0 0.488037109375 0.644287109375 0.11181640625 0.12060546875
0 0.6943359375 0.57763671875 0.0595703125 0.0537109375
0 0.435546875 0.4169921875 0.0380859375 0.0517578125
0 0.76513671875 0.05029296875 0.060546875 0.0673828125
0 0.958740234375 0.246337890625 0.08154296875 0.06689453125
0 0.6416015625 0.34912109375 0.091796875 0.0966796875
0 0.745361328125 0.3544921875 0.06005859375 0.0791015625
0 0.725341796875 0.484130859375 0.08251953125 0.09326171875
0 0.918212890625 0.47021484375 0.06689453125 0.0810546875
0 0.959716796875 0.47314453125 0.04248046875 0.0419921875
0 0.968017578125 0.314453125 0.06298828125 0.0556640625
0 0.906982421875 0.382568359375 0.03759765625 0.03466796875
0 0.820068359375 0.44189453125 0.05419921875 0.08984375
0 0.015869140625 0.034912109375 0.03173828125 0.06982421875
0 0.147705078125 0.10693359375 0.09521484375 0.09765625
0 0.18310546875 0.05029296875 0.03125 0.0322265625
0 0.21044921875 0.0849609375 0.0615234375 0.076171875
0 0.183837890625 0.193115234375 0.07275390625 0.08447265625
0 0.222900390625 0.182373046875 0.05322265625 0.05810546875
0 0.292236328125 0.126953125 0.05322265625 0.099609375
0 0.278564453125 0.02783203125 0.06494140625 0.0556640625
0 0.378173828125 0.098388671875 0.06298828125 0.07861328125
0 0.386474609375 0.153076171875 0.03271484375 0.03955078125
0 0.359619140625 0.0419921875 0.05322265625 0.0458984375
0 0.136474609375 0.24365234375 0.08935546875 0.0908203125
0 0.093994140625 0.2734375 0.07666015625 0.107421875
0 0.06494140625 0.302734375 0.076171875 0.052734375
0 0.041748046875 0.263427734375 0.08349609375 0.05419921875
0 0.02197265625 0.3232421875 0.0439453125 0.06640625
0 0.22119140625 0.260498046875 0.1064453125 0.09130859375
0 0.382568359375 0.471923828125 0.11279296875 0.05029296875
0 0.37353515625 0.370849609375 0.0615234375 0.06396484375
0 0.0400390625 0.4755859375 0.0732421875 0.0771484375
0 0.050048828125 0.629638671875 0.10009765625 0.09619140625
0 0.2822265625 0.592529296875 0.0830078125 0.09619140625
0 0.213623046875 0.669189453125 0.06982421875 0.11279296875
0 0.0546875 0.77490234375 0.0498046875 0.0478515625
0 0.025146484375 0.807861328125 0.05029296875 0.03662109375
0 0.021484375 0.7822265625 0.04296875 0.037109375
0 0.106201171875 0.85498046875 0.03662109375 0.0380859375
0 0.35693359375 0.787841796875 0.0625 0.06103515625
0 0.35498046875 0.702880859375 0.0791015625 0.05126953125
0 0.20556640625 0.96240234375 0.115234375 0.07421875
0 0.25634765625 0.96142578125 0.0244140625 0.0224609375
0 0.23193359375 0.956787109375 0.025390625 0.02685546875
0 0.212158203125 0.904541015625 0.02392578125 0.02294921875
0 0.366943359375 0.864013671875 0.05029296875 0.05419921875
0 0.39404296875 0.942626953125 0.1015625 0.11376953125
0 0.3232421875 0.947998046875 0.0712890625 0.07666015625
0 0.54833984375 0.9814453125 0.087890625 0.0361328125
0 0.58056640625 0.834716796875 0.08984375 0.10400390625
0 0.7021484375 0.9755859375 0.138671875 0.0478515625
0 0.732421875 0.9599609375 0.05078125 0.0302734375
0 0.73095703125 0.924560546875 0.0625 0.05908203125
0 0.762939453125 0.806396484375 0.10400390625 0.10595703125
0 0.64990234375 0.791748046875 0.09375 0.07666015625
0 0.711181640625 0.828857421875 0.03369140625 0.05322265625
0 0.76611328125 0.87451171875 0.0546875 0.044921875
0 0.94189453125 0.990234375 0.072265625 0.0185546875
0 0.867919921875 0.926513671875 0.06298828125 0.05322265625
0 0.96142578125 0.879150390625 0.0654296875 0.09912109375
0 0.926025390625 0.8369140625 0.04052734375 0.037109375
0 0.8720703125 0.843994140625 0.0234375 0.02294921875
0 0.723388671875 0.7646484375 0.08056640625 0.0615234375
0 0.68359375 0.70751953125 0.068359375 0.068359375
0 0.61767578125 0.718017578125 0.07421875 0.06396484375
0 0.8955078125 0.644287109375 0.04296875 0.05615234375
0 0.7978515625 0.62353515625 0.0595703125 0.07421875
0 0.774169921875 0.579833984375 0.03759765625 0.04052734375
0 0.53076171875 0.733642578125 0.0537109375 0.06298828125
0 0.482177734375 0.71728515625 0.06982421875 0.068359375
0 0.3623046875 0.599853515625 0.056640625 0.06884765625
0 0.412109375 0.611328125 0.0498046875 0.0439453125
0 0.456298828125 0.658203125 0.03857421875 0.044921875
0 0.427734375 0.647705078125 0.0244140625 0.03759765625
0 0.407958984375 0.654296875 0.03076171875 0.0400390625
0 0.413818359375 0.498046875 0.05126953125 0.06640625
0 0.4638671875 0.54248046875 0.0751953125 0.064453125
0 0.50830078125 0.573486328125 0.095703125 0.05517578125
0 0.5078125 0.5244140625 0.0380859375 0.033203125
0 0.674072265625 0.625732421875 0.06396484375 0.06005859375
0 0.68212890625 0.671630859375 0.0263671875 0.03271484375
0 0.7509765625 0.543701171875 0.033203125 0.04541015625
0 0.59033203125 0.55615234375 0.076171875 0.0703125
0 0.638427734375 0.544677734375 0.04248046875 0.05322265625
0 0.4921875 0.421142578125 0.0517578125 0.05029296875
0 0.670166015625 0.469970703125 0.06396484375 0.06884765625
0 0.486083984375 0.476806640625 0.03857421875 0.03955078125
0 0.49560546875 0.337646484375 0.06640625 0.06494140625
0 0.518798828125 0.2958984375 0.10107421875 0.0712890625
0 0.59716796875 0.381103515625 0.0283203125 0.02783203125
0 0.58154296875 0.260009765625 0.0673828125 0.05908203125
0 0.431396484375 0.197509765625 0.09033203125 0.05224609375
0 0.54541015625 0.216064453125 0.091796875 0.08154296875
0 0.51611328125 0.16259765625 0.0478515625 0.044921875
0 0.588623046875 0.160888671875 0.06689453125 0.06396484375
0 0.594970703125 0.109375 0.06884765625 0.0625
0 0.665771484375 0.141845703125 0.07763671875 0.09423828125
0 0.723876953125 0.194580078125 0.09423828125 0.07373046875
0 0.710205078125 0.094482421875 0.16357421875 0.07763671875
0 0.744384765625 0.1455078125 0.06591796875 0.0439453125
0 0.8369140625 0.02294921875 0.0927734375 0.0458984375
0 0.89208984375 0.21875 0.0830078125 0.060546875
0 0.82470703125 0.193359375 0.0693359375 0.0751953125
0 0.9658203125 0.02197265625 0.0673828125 0.0439453125
0 0.943115234375 0.137451171875 0.08447265625 0.10107421875
0 0.96044921875 0.064697265625 0.078125 0.07080078125
0 0.967529296875 0.2021484375 0.06396484375 0.0673828125
0 0.883056640625 0.30322265625 0.06298828125 0.08203125
0 0.6943359375 0.265625 0.037109375 0.0341796875
0 0.70703125 0.317626953125 0.0302734375 0.02685546875
0 0.7021484375 0.292236328125 0.029296875 0.02783203125
0 0.710205078125 0.314208984375 0.10791015625 0.08154296875
0 0.7763671875 0.2958984375 0.029296875 0.0634765625
0 0.703125 0.368896484375 0.0498046875 0.03369140625
0 0.713134765625 0.406494140625 0.07470703125 0.07177734375
0 0.796142578125 0.47216796875 0.02880859375 0.0283203125
0 0.86962890625 0.50830078125 0.1142578125 0.0810546875
0 0.838134765625 0.5703125 0.07373046875 0.0615234375
0 0.931884765625 0.573974609375 0.02587890625 0.02490234375
0 0.79833984375 0.52587890625 0.0458984375 0.0869140625
0 0.9716796875 0.4521484375 0.0556640625 0.0712890625
0 0.937744140625 0.349853515625 0.12353515625 0.08544921875
0 0.837890625 0.297607421875 0.0185546875 0.01806640625
0 0.8740234375 0.3974609375 0.125 0.1171875
0 0.071044921875 0.9345703125 0.02197265625 0.025390625
0 0.318603515625 0.3837890625 0.06884765625 0.080078125
0 0.264892578125 0.367919921875 0.07861328125 0.08642578125
0 0.220947265625 0.412841796875 0.05517578125 0.06884765625
0 0.0625 0.39013671875 0.0244140625 0.01953125
0 0.05859375 0.407470703125 0.0283203125 0.02587890625
0 0.4736328125 0.479736328125 0.07421875 0.07958984375
0 0.236328125 0.124755859375 0.0908203125 0.07763671875
0 0.159912109375 0.4521484375 0.10498046875 0.0810546875
0 0.435546875 0.694091796875 0.068359375 0.04052734375
0 0.620849609375 0.58349609375 0.11083984375 0.080078125
0 0.62158203125 0.202392578125 0.06640625 0.07861328125
0 0.94091796875 0.271240234375 0.0380859375 0.03955078125
0 0.1015625 0.8193359375 0.0439453125 0.0380859375
0 0.4033203125 0.755859375 0.04296875 0.0390625
