0 0.03955078125 0.06884765625 0.0791015625 0.10546875
0 0.279052734375 0.122314453125 0.08349609375 0.09521484375
0 0.039306640625 0.234375 0.07861328125 0.0849609375
0 0.217529296875 0.322509765625 0.06787109375 0.06689453125
0 0.017333984375 0.314697265625 0.03466796875 0.08349609375
0 0.055908203125 0.37939453125 0.11181640625 0.07421875
0 0.08154296875 0.491455078125 0.0390625 0.05322265625
0 0.02001953125 0.50830078125 0.0400390625 0.0830078125
0 0.18017578125 0.517822265625 0.0771484375 0.06689453125
0 0.141357421875 0.589599609375 0.05615234375 0.04833984375
0 0.2568359375 0.366943359375 0.095703125 0.09228515625
0 0.306640625 0.615234375 0.0771484375 0.0732421875
0 0.194091796875 0.633544921875 0.06005859375 0.08642578125
0 0.0244140625 0.665283203125 0.048828125 0.06298828125
0 0.046142578125 0.70751953125 0.09228515625 0.1005859375
0 0.10595703125 0.789794921875 0.05859375 0.06591796875
0 0.175537109375 0.798828125 0.08935546875 0.0703125
0 0.10400390625 0.946044921875 0.080078125 0.08642578125
0 0.12353515625 0.977783203125 0.0546875 0.04345703125
0 0.196044921875 0.9501953125 0.03369140625 0.052734375
0 0.239013671875 0.93359375 0.10302734375 0.083984375
0 0.235595703125 0.9775390625 0.03564453125 0.03125
0 0.3115234375 0.888427734375 0.0556640625 0.05322265625
0 0.2646484375 0.74365234375 0.0927734375 0.1259765625
0 0.27392578125 0.7939453125 0.0888671875 0.076171875
0 0.32470703125 0.7021484375 0.029296875 0.033203125
0 0.39306640625 0.761962890625 0.046875 0.03759765625
0 0.468994140625 0.908935546875 0.09326171875 0.06884765625
0 0.43798828125 0.9423828125 0.0546875 0.0556640625
0 0.4755859375 0.970458984375 0.048828125 0.05615234375
0 0.64697265625 0.861328125 0.0888671875 0.0625
0 0.7841796875 0.91162109375 0.0703125 0.0908203125
0 0.84375 0.918701171875 0.0859375 0.13330078125
0 0.879638671875 0.84033203125 0.06201171875 0.0595703125
0 0.947998046875 0.7412109375 0.05810546875 0.0732421875
0 0.97705078125 0.646728515625 0.044921875 0.13525390625
0 0.881591796875 0.588623046875 0.04150390625 0.04248046875
0 0.69677734375 0.771240234375 0.048828125 0.05712890625
0 0.664794921875 0.765625 0.05908203125 0.048828125
0 0.459716796875 0.460205078125 0.05712890625 0.09033203125
0 0.39501953125 0.55078125 0.0888671875 0.05859375
0 0.4853515625 0.5517578125 0.080078125 0.1357421875
0 0.526611328125 0.53271484375 0.06005859375 0.041015625
0 0.625732421875 0.565673828125 0.05908203125 0.06982421875
0 0.3359375 0.415283203125 0.1103515625 0.09619140625
0 0.332763671875 0.347412109375 0.11181640625 0.05908203125
0 0.52001953125 0.484375 0.083984375 0.095703125
0 0.432861328125 0.378173828125 0.09814453125 0.07568359375
0 0.3857421875 0.378173828125 0.0419921875 0.04248046875
0 0.723876953125 0.540771484375 0.05810546875 0.08251953125
0 0.92822265625 0.583740234375 0.0703125 0.04052734375
0 0.96044921875 0.557373046875 0.0390625 0.03466796875
0 0.924560546875 0.377685546875 0.06103515625 0.07177734375
0 0.79150390625 0.42724609375 0.1064453125 0.1005859375
0 0.748046875 0.419189453125 0.052734375 0.05810546875
0 0.7265625 0.405517578125 0.0634765625 0.05712890625
0 0.70166015625 0.301025390625 0.0654296875 0.05712890625
0 0.8740234375 0.261962890625 0.1015625 0.08642578125
0 0.9375 0.2236328125 0.080078125 0.0830078125
0 0.76171875 0.19677734375 0.08203125 0.0595703125
0 0.804931640625 0.197265625 0.02490234375 0.0322265625
0 0.831787109375 0.1630859375 0.06298828125 0.0478515625
0 0.924072265625 0.17626953125 0.07568359375 0.0419921875
0 0.53857421875 0.18359375 0.0498046875 0.05078125
0 0.517333984375 0.253173828125 0.11181640625 0.09619140625
0 0.487060546875 0.072021484375 0.05908203125 0.06396484375
0 0.49658203125 0.127197265625 0.0654296875 0.05126953125
0 0.39599609375 0.015869140625 0.0947265625 0.03173828125
0 0.065185546875 0.0322265625 0.09228515625 0.064453125
0 0.11572265625 0.048095703125 0.0830078125 0.09619140625
0 0.189208984375 0.017333984375 0.08251953125 0.03466796875
0 0.30712890625 0.063232421875 0.0888671875 0.09423828125
0 0.021484375 0.175048828125 0.04296875 0.05712890625
0 0.119140625 0.152099609375 0.08203125 0.11669921875
0 0.146728515625 0.19970703125 0.07958984375 0.1025390625
0 0.27880859375 0.16650390625 0.111328125 0.123046875
0 0.236572265625 0.214111328125 0.12744140625 0.09521484375
0 0.1240234375 0.32861328125 0.197265625 0.140625
0 0.098876953125 0.4345703125 0.10009765625 0.119140625
0 0.122802734375 0.540283203125 0.07763671875 0.14404296875
0 0.06201171875 0.53076171875 0.0849609375 0.09375
0 0.306640625 0.50244140625 0.048828125 0.0703125
0 0.30419921875 0.578857421875 0.0595703125 0.06884765625
0 0.094482421875 0.658203125 0.09423828125 0.115234375
0 0.2431640625 0.636962890625 0.0576171875 0.08154296875
0 0.16259765625 0.712646484375 0.080078125 0.07470703125
0 0.072998046875 0.762939453125 0.03759765625 0.04541015625
0 0.043212890625 0.858154296875 0.08642578125 0.08642578125
0 0.1279296875 0.865234375 0.1005859375 0.1015625
0 0.048583984375 0.96630859375 0.09716796875 0.06640625
0 0.16455078125 0.95458984375 0.0517578125 0.08984375
0 0.181640625 0.982421875 0.0478515625 0.0341796875
0 0.259033203125 0.850341796875 0.13720703125 0.09619140625
0 0.637451171875 0.947998046875 0.04736328125 0.06005859375
0 0.76025390625 0.955078125 0.0859375 0.0654296875
0 0.872314453125 0.93310546875 0.04833984375 0.083984375
0 0.901123046875 0.97021484375 0.07666015625 0.05859375
0 0.9501953125 0.9326171875 0.0263671875 0.0390625
0 0.9287109375 0.630126953125 0.0712890625 0.06982421875
0 0.851318359375 0.699951171875 0.07568359375 0.07275390625
0 0.75048828125 0.67236328125 0.080078125 0.0859375
0 0.78466796875 0.521240234375 0.0888671875 0.10888671875
0 0.560791015625 0.75 0.07177734375 0.078125
0 0.6875 0.705078125 0.08984375 0.087890625
0 0.44189453125 0.68701171875 0.0927734375 0.0849609375
0 0.48388671875 0.72265625 0.0869140625 0.078125
0 0.294921875 0.681640625 0.048828125 0.076171875
0 0.345703125 0.6708984375 0.068359375 0.0517578125
0 0.37255859375 0.611572265625 0.0908203125 0.10009765625
0 0.399169921875 0.50732421875 0.09228515625 0.0771484375
0 0.681396484375 0.615966796875 0.07470703125 0.07763671875
0 0.418212890625 0.447509765625 0.09423828125 0.07080078125
0 0.601318359375 0.491943359375 0.08154296875 0.07568359375
0 0.629638671875 0.427978515625 0.08740234375 0.08935546875
0 0.5380859375 0.444580078125 0.1015625 0.07177734375
0 0.489013671875 0.363525390625 0.10791015625 0.08349609375
0 0.394775390625 0.325439453125 0.10791015625 0.05419921875
0 0.317626953125 0.2919921875 0.07666015625 0.083984375
0 0.353759765625 0.2607421875 0.06982421875 0.0927734375
0 0.419677734375 0.276611328125 0.08447265625 0.10400390625
0 0.48779296875 0.276123046875 0.07421875 0.09521484375
0 0.566162109375 0.394775390625 0.07373046875 0.06884765625
0 0.59326171875 0.37548828125 0.095703125 0.087890625
0 0.97998046875 0.5576171875 0.0390625 0.076171875
0 0.904052734375 0.431884765625 0.09130859375 0.08056640625
0 0.928466796875 0.490966796875 0.07470703125 0.06982421875
0 0.68212890625 0.3583984375 0.072265625 0.068359375
0 0.63427734375 0.327392578125 0.0859375 0.11474609375
0 0.76708984375 0.301513671875 0.1083984375 0.14501953125
0 0.959228515625 0.26416015625 0.06103515625 0.0595703125
0 0.85546875 0.210205078125 0.09375 0.08447265625
0 0.64892578125 0.1630859375 0.0849609375 0.080078125
0 0.57861328125 0.2177734375 0.06640625 0.0869140625
0 0.47265625 0.174072265625 0.1015625 0.12744140625
0 0.48046875 0.031982421875 0.0888671875 0.06396484375
0 0.390625 0.052734375 0.1044921875 0.0791015625
0 0.09326171875 0.101318359375 0.08984375 0.07177734375
0 0.0361328125 0.13427734375 0.04296875 0.0478515625
0 0.010498046875 0.126220703125 0.02099609375 0.06201171875
0 0.17578125 0.048095703125 0.05078125 0.03662109375
0 0.2509765625 0.037841796875 0.0869140625 0.07568359375
0 0.060302734375 0.175537109375 0.05712890625 0.06201171875
0 0.092529296875 0.22314453125 0.04833984375 0.060546875
0 0.017578125 0.210205078125 0.03515625 0.03076171875
0 0.188232421875 0.15380859375 0.05908203125 0.0703125
0 0.29931640625 0.211669921875 0.0380859375 0.06396484375
0 0.3681640625 0.149169921875 0.1396484375 0.14111328125
0 0.4404296875 0.092041015625 0.0458984375 0.07763671875
0 0.410400390625 0.102783203125 0.02001953125 0.03271484375
0 0.390380859375 0.09521484375 0.02685546875 0.02734375
0 0.248779296875 0.289306640625 0.09130859375 0.07080078125
0 0.17138671875 0.29638671875 0.080078125 0.103515625
0 0.1064453125 0.292724609375 0.07421875 0.09619140625
0 0.03466796875 0.32763671875 0.05078125 0.0546875
0 0.031982421875 0.41015625 0.05419921875 0.04296875
0 0.138671875 0.430419921875 0.078125 0.09228515625
0 0.0380859375 0.45849609375 0.076171875 0.0986328125
0 0.218505859375 0.4326171875 0.09912109375 0.0869140625
0 0.237548828125 0.4052734375 0.08837890625 0.0615234375
0 0.297607421875 0.4482421875 0.06103515625 0.046875
0 0.353271484375 0.489013671875 0.06201171875 0.07275390625
0 0.25390625 0.564697265625 0.0859375 0.08837890625
0 0.24658203125 0.51611328125 0.0458984375 0.03125
0 0.265869140625 0.486572265625 0.06494140625 0.07373046875
0 0.039794921875 0.611083984375 0.06005859375 0.06298828125
0 0.14111328125 0.64306640625 0.060546875 0.076171875
0 0.17822265625 0.621337890625 0.0517578125 0.03369140625
0 0.26611328125 0.66748046875 0.0341796875 0.0361328125
0 0.2041015625 0.67919921875 0.0380859375 0.0244140625
0 0.22705078125 0.72119140625 0.068359375 0.0849609375
0 0.157958984375 0.682373046875 0.03466796875 0.02685546875
0 0.075439453125 0.729248046875 0.04345703125 0.04638671875
0 0.0302734375 0.808349609375 0.060546875 0.05126953125
0 0.169921875 0.764892578125 0.08984375 0.05517578125
0 0.190185546875 0.8564453125 0.02392578125 0.0361328125
0 0.205810546875 0.895751953125 0.06982421875 0.05810546875
0 0.2109375 0.98193359375 0.029296875 0.03515625
0 0.2822265625 0.977783203125 0.064453125 0.04345703125
0 0.28369140625 0.9130859375 0.0302734375 0.0439453125
0 0.28564453125 0.871337890625 0.0322265625 0.03759765625
0 0.34033203125 0.9296875 0.107421875 0.115234375
0 0.384765625 0.928466796875 0.0673828125 0.07470703125
0 0.3583984375 0.9794921875 0.0478515625 0.0400390625
0 0.30322265625 0.729248046875 0.048828125 0.02685546875
0 0.3603515625 0.731689453125 0.046875 0.05029296875
0 0.33544921875 0.75341796875 0.0458984375 0.0341796875
0 0.359130859375 0.772705078125 0.03857421875 0.03955078125
0 0.339111328125 0.8046875 0.05810546875 0.080078125
0 0.399658203125 0.83349609375 0.09814453125 0.11328125
0 0.458984375 0.785888671875 0.0908203125 0.05517578125
0 0.342529296875 0.861083984375 0.04736328125 0.04052734375
0 0.488037109375 0.867919921875 0.10205078125 0.09326171875
0 0.56201171875 0.9619140625 0.08203125 0.064453125
0 0.64892578125 0.905029296875 0.0390625 0.03759765625
0 0.589111328125 0.885009765625 0.10693359375 0.10107421875
0 0.71484375 0.87939453125 0.060546875 0.095703125
0 0.6953125 0.910888671875 0.076171875 0.05908203125
0 0.6943359375 0.953125 0.068359375 0.044921875
0 0.67431640625 0.977783203125 0.0849609375 0.04345703125
0 0.751220703125 0.89306640625 0.04052734375 0.0615234375
0 0.977783203125 0.95556640625 0.04345703125 0.087890625
0 0.941162109375 0.862548828125 0.11669921875 0.12060546875
0 0.802734375 0.7197265625 0.0390625 0.0634765625
0 0.880615234375 0.732177734375 0.04150390625 0.04541015625
0 0.964599609375 0.71435546875 0.05810546875 0.0634765625
0 0.9248046875 0.682861328125 0.0830078125 0.07177734375
0 0.946044921875 0.612060546875 0.04736328125 0.05810546875
0 0.801513671875 0.6611328125 0.07666015625 0.0849609375
0 0.87890625 0.634033203125 0.0625 0.06005859375
0 0.845703125 0.640625 0.0439453125 0.0537109375
0 0.820556640625 0.58203125 0.08740234375 0.0712890625
0 0.760009765625 0.6025390625 0.07470703125 0.0703125
0 0.806396484375 0.609375 0.03857421875 0.0302734375
0 0.876220703125 0.5498046875 0.07568359375 0.068359375
0 0.9228515625 0.55810546875 0.0478515625 0.02734375
0 0.83837890625 0.52197265625 0.0634765625 0.0673828125
0 0.71435546875 0.804443359375 0.05859375 0.05029296875
0 0.732421875 0.748779296875 0.0400390625 0.03466796875
0 0.61572265625 0.70166015625 0.0771484375 0.0576171875
0 0.670654296875 0.655517578125 0.04052734375 0.02978515625
0 0.537841796875 0.82080078125 0.07763671875 0.08984375
0 0.524658203125 0.68798828125 0.07958984375 0.0712890625
0 0.49658203125 0.76611328125 0.0341796875 0.0400390625
0 0.379638671875 0.69091796875 0.05126953125 0.0654296875
0 0.363525390625 0.6474609375 0.03369140625 0.0380859375
0 0.456787109375 0.628173828125 0.10205078125 0.08056640625
0 0.390380859375 0.595458984375 0.02783203125 0.03369140625
0 0.41552734375 0.586669921875 0.0439453125 0.04638671875
0 0.346923828125 0.387939453125 0.03857421875 0.03564453125
0 0.538818359375 0.471923828125 0.03564453125 0.03955078125
0 0.407958984375 0.356201171875 0.03857421875 0.03271484375
0 0.8740234375 0.491943359375 0.0849609375 0.07568359375
0 0.847900390625 0.4482421875 0.03759765625 0.0361328125
0 0.97021484375 0.390380859375 0.05859375 0.06982421875
0 0.738525390625 0.343017578125 0.04833984375 0.04931640625
0 0.794189453125 0.25244140625 0.08349609375 0.080078125
0 0.63818359375 0.22900390625 0.0810546875 0.0703125
0 0.589111328125 0.2958984375 0.05029296875 0.0791015625
0 0.5478515625 0.3134765625 0.0546875 0.0654296875
0 0.8837890625 0.30859375 0.029296875 0.03125
0 0.953857421875 0.320068359375 0.09130859375 0.08349609375
0 0.933349609375 0.118896484375 0.07080078125 0.07763671875
0 0.88427734375 0.066162109375 0.0478515625 0.07763671875
0 0.83251953125 0.090576171875 0.07421875 0.05224609375
0 0.86279296875 0.107666015625 0.0244140625 0.03076171875
0 0.839111328125 0.1279296875 0.03271484375 0.0322265625
0 0.808349609375 0.14111328125 0.03955078125 0.0361328125
0 0.777099609375 0.1328125 0.10009765625 0.091796875
0 0.948974609375 0.045166015625 0.04150390625 0.06494140625
0 0.587158203125 0.16845703125 0.04833984375 0.0615234375
0 0.730224609375 0.05126953125 0.08642578125 0.0908203125
0 0.665283203125 0.082275390625 0.09814453125 0.10791015625
0 0.5859375 0.070068359375 0.046875 0.07958984375
0 0.558837890625 0.083740234375 0.04150390625 0.05419921875
0 0.54443359375 0.143310546875 0.0693359375 0.06591796875
0 0.515380859375 0.215576171875 0.02783203125 0.02490234375
0 0.512451171875 0.098388671875 0.04345703125 0.03271484375
0 0.651611328125 0.015869140625 0.05810546875 0.03173828125
0 0.83642578125 0.7294921875 0.0390625 0.03125
0 0.766845703125 0.738037109375 0.04052734375 0.04833984375
0 0.177978515625 0.55908203125 0.09326171875 0.0732421875
0 0.028076171875 0.78076171875 0.05615234375 0.056640625
0 0.162841796875 0.85595703125 0.03857421875 0.04296875
0 0.7607421875 0.84130859375 0.0361328125 0.0341796875
0 0.921875 0.926025390625 0.0556640625 0.07080078125
0 0.6845703125 0.563720703125 0.06640625 0.06884765625
0 0.677734375 0.504638671875 0.1171875 0.10205078125
0 0.88427734375 0.13232421875 0.0625 0.076171875
