0 0.189453125 0.079833984375 0.08203125 0.06884765625
0 0.167236328125 0.129638671875 0.08544921875 0.07080078125
0 0.096923828125 0.16455078125 0.05908203125 0.0361328125
0 0.03466796875 0.20654296875 0.0693359375 0.091796875
0 0.057861328125 0.283203125 0.07177734375 0.0869140625
0 0.147216796875 0.3115234375 0.10693359375 0.1025390625
0 0.383544921875 0.26513671875 0.10107421875 0.1044921875
0 0.307373046875 0.154296875 0.09619140625 0.0751953125
0 0.214599609375 0.204345703125 0.07080078125 0.06005859375
0 0.234619140625 0.13818359375 0.07373046875 0.0859375
0 0.1845703125 0.170166015625 0.0341796875 0.03466796875
0 0.361328125 0.080322265625 0.0771484375 0.08349609375
0 0.531005859375 0.318115234375 0.06005859375 0.09423828125
0 0.5234375 0.12109375 0.0556640625 0.056640625
0 0.56689453125 0.34033203125 0.0927734375 0.1337890625
0 0.604248046875 0.252685546875 0.07958984375 0.09033203125
0 0.53564453125 0.02099609375 0.078125 0.0419921875
0 0.769287109375 0.05224609375 0.08935546875 0.0888671875
0 0.8544921875 0.04736328125 0.1142578125 0.0947265625
0 0.83544921875 0.087890625 0.0830078125 0.078125
0 0.958740234375 0.101318359375 0.08154296875 0.08935546875
0 0.7509765625 0.281005859375 0.0908203125 0.08740234375
0 0.79248046875 0.227783203125 0.0654296875 0.05322265625
0 0.817626953125 0.1630859375 0.07373046875 0.0859375
0 0.916259765625 0.135498046875 0.10107421875 0.11181640625
0 0.826416015625 0.2607421875 0.06884765625 0.0693359375
0 0.83056640625 0.390625 0.07421875 0.07421875
0 0.738525390625 0.3984375 0.04248046875 0.0546875
0 0.572509765625 0.46484375 0.07763671875 0.0556640625
0 0.758056640625 0.454345703125 0.08642578125 0.07958984375
0 0.9326171875 0.331787109375 0.0537109375 0.04443359375
0 0.661376953125 0.486572265625 0.11572265625 0.07958984375
0 0.708740234375 0.406494140625 0.07373046875 0.09423828125
0 0.274169921875 0.55908203125 0.09033203125 0.05078125
0 0.213623046875 0.5927734375 0.06005859375 0.1025390625
0 0.2958984375 0.6064453125 0.05859375 0.0595703125
0 0.234130859375 0.66455078125 0.09521484375 0.099609375
0 0.249267578125 0.60400390625 0.04443359375 0.048828125
0 0.420166015625 0.7197265625 0.10595703125 0.080078125
0 0.161376953125 0.620849609375 0.05322265625 0.05517578125
0 0.14794921875 0.65380859375 0.083984375 0.056640625
0 0.0517578125 0.656494140625 0.064453125 0.09423828125
0 0.029052734375 0.813232421875 0.05810546875 0.09912109375
0 0.078125 0.82470703125 0.091796875 0.11328125
0 0.05517578125 0.9345703125 0.0908203125 0.12890625
0 0.11083984375 0.870361328125 0.0908203125 0.10107421875
0 0.21728515625 0.802001953125 0.0703125 0.08935546875
0 0.252197265625 0.928955078125 0.09423828125 0.07373046875
0 0.5810546875 0.979248046875 0.0673828125 0.04052734375
0 0.69091796875 0.89208984375 0.142578125 0.1484375
0 0.8671875 0.827392578125 0.091796875 0.10791015625
0 0.94140625 0.790283203125 0.060546875 0.06982421875
0 0.975830078125 0.749755859375 0.04736328125 0.06982421875
0 0.76708984375 0.980224609375 0.0673828125 0.03857421875
0 0.900390625 0.939208984375 0.0625 0.05224609375
0 0.980712890625 0.849853515625 0.03759765625 0.06982421875
0 0.952392578125 0.8642578125 0.07568359375 0.087890625
0 0.912353515625 0.886962890625 0.06298828125 0.09130859375
0 0.5625 0.76611328125 0.1005859375 0.091796875
0 0.838623046875 0.725830078125 0.08544921875 0.12744140625
0 0.725341796875 0.740478515625 0.05517578125 0.11962890625
0 0.96484375 0.635009765625 0.0693359375 0.09814453125
0 0.65966796875 0.669677734375 0.0927734375 0.07666015625
0 0.611083984375 0.588623046875 0.08837890625 0.06982421875
0 0.5576171875 0.63427734375 0.11328125 0.1103515625
0 0.0908203125 0.049560546875 0.1162109375 0.07763671875
0 0.08447265625 0.09375 0.080078125 0.072265625
0 0.57373046875 0.187744140625 0.0810546875 0.12060546875
0 0.8681640625 0.230224609375 0.0478515625 0.04345703125
0 0.90185546875 0.385009765625 0.0859375 0.08447265625
0 0.96728515625 0.375244140625 0.060546875 0.10595703125
0 0.630615234375 0.522705078125 0.08154296875 0.07666015625
0 0.235595703125 0.519775390625 0.05810546875 0.06201171875
0 0.30908203125 0.64013671875 0.0625 0.07421875
0 0.136474609375 0.710205078125 0.04638671875 0.07666015625
0 0.18115234375 0.74462890625 0.08984375 0.0927734375
0 0.3623046875 0.80419921875 0.107421875 0.0791015625
0 0.353759765625 0.880126953125 0.09716796875 0.08447265625
0 0.4169921875 0.8837890625 0.0615234375 0.0908203125
0 0.470703125 0.91357421875 0.087890625 0.1171875
0 0.6005859375 0.940673828125 0.1005859375 0.07568359375
0 0.8173828125 0.4921875 0.0888671875 0.0751953125
0 0.921630859375 0.623291015625 0.04541015625 0.04541015625
0 0.05322265625 0.033203125 0.0625 0.037109375
0 0.0849609375 0.13525390625 0.046875 0.029296875
0 0.13037109375 0.209716796875 0.0869140625 0.08544921875
0 0.037353515625 0.12353515625 0.07470703125 0.1015625
0 0.382080078125 0.21435546875 0.06103515625 0.0693359375
0 0.438720703125 0.21435546875 0.06005859375 0.08203125
0 0.337890625 0.210205078125 0.076171875 0.09326171875
0 0.316162109375 0.130615234375 0.03466796875 0.02490234375
0 0.305419921875 0.09912109375 0.03564453125 0.041015625
0 0.280517578125 0.03955078125 0.05029296875 0.0791015625
0 0.22802734375 0.027099609375 0.078125 0.05419921875
0 0.322509765625 0.036865234375 0.01806640625 0.05517578125
0 0.356201171875 0.060791015625 0.02685546875 0.04541015625
0 0.3642578125 0.04638671875 0.07421875 0.0859375
0 0.3310546875 0.10498046875 0.0224609375 0.0322265625
0 0.465087890625 0.037841796875 0.06005859375 0.07568359375
0 0.51953125 0.05908203125 0.06640625 0.0732421875
0 0.547119140625 0.27197265625 0.05126953125 0.0546875
0 0.5126953125 0.17236328125 0.0556640625 0.0615234375
0 0.59814453125 0.115234375 0.0712890625 0.08203125
0 0.622314453125 0.20166015625 0.03369140625 0.0380859375
0 0.6279296875 0.31494140625 0.0498046875 0.05859375
0 0.595703125 0.01708984375 0.041015625 0.0341796875
0 0.636474609375 0.037109375 0.09033203125 0.07421875
0 0.7158203125 0.02880859375 0.0478515625 0.0517578125
0 0.665771484375 0.0771484375 0.07275390625 0.0458984375
0 0.980224609375 0.0283203125 0.03857421875 0.056640625
0 0.889892578125 0.027099609375 0.04443359375 0.05029296875
0 0.935546875 0.03076171875 0.0654296875 0.0615234375
0 0.73876953125 0.113037109375 0.0458984375 0.04541015625
0 0.791748046875 0.12158203125 0.04833984375 0.0498046875
0 0.6787109375 0.26806640625 0.0791015625 0.0966796875
0 0.751708984375 0.171142578125 0.09716796875 0.08251953125
0 0.951171875 0.194091796875 0.0966796875 0.08544921875
0 0.904052734375 0.233642578125 0.04345703125 0.04833984375
0 0.875 0.264404296875 0.0380859375 0.03759765625
0 0.88232421875 0.149658203125 0.0625 0.04052734375
0 0.884033203125 0.188232421875 0.05517578125 0.05615234375
0 0.84326171875 0.20166015625 0.0517578125 0.0546875
0 0.84326171875 0.289306640625 0.0478515625 0.04833984375
0 0.887939453125 0.31591796875 0.06884765625 0.0966796875
0 0.906005859375 0.2919921875 0.18701171875 0.126953125
0 0.637939453125 0.389892578125 0.11572265625 0.07470703125
0 0.887451171875 0.43994140625 0.08935546875 0.068359375
0 0.823974609375 0.45068359375 0.06298828125 0.052734375
0 0.9658203125 0.454833984375 0.06640625 0.06298828125
0 0.942626953125 0.4111328125 0.04736328125 0.052734375
0 0.681884765625 0.437744140625 0.04833984375 0.03662109375
0 0.624267578125 0.438720703125 0.04931640625 0.04443359375
0 0.57861328125 0.433837890625 0.09765625 0.06787109375
0 0.692138671875 0.335693359375 0.08447265625 0.06298828125
0 0.4189453125 0.645263671875 0.0693359375 0.02392578125
0 0.365966796875 0.7509765625 0.07763671875 0.0859375
0 0.22021484375 0.75244140625 0.0400390625 0.05859375
0 0.24853515625 0.76806640625 0.0390625 0.0439453125
0 0.30126953125 0.73681640625 0.037109375 0.033203125
0 0.319580078125 0.724853515625 0.02490234375 0.03466796875
0 0.2919921875 0.782958984375 0.06640625 0.05810546875
0 0.12353515625 0.601806640625 0.052734375 0.05810546875
0 0.097412109375 0.6533203125 0.06396484375 0.08203125
0 0.076171875 0.60107421875 0.052734375 0.0712890625
0 0.052490234375 0.5830078125 0.04833984375 0.0712890625
0 0.015869140625 0.662109375 0.03173828125 0.0703125
0 0.111083984375 0.752685546875 0.04345703125 0.05908203125
0 0.07470703125 0.72412109375 0.0859375 0.0908203125
0 0.1259765625 0.90380859375 0.0478515625 0.0712890625
0 0.167724609375 0.8896484375 0.05712890625 0.0771484375
0 0.173583984375 0.9462890625 0.07373046875 0.0439453125
0 0.223876953125 0.877685546875 0.07275390625 0.07861328125
0 0.167236328125 0.80078125 0.06103515625 0.0595703125
0 0.364013671875 0.911376953125 0.03662109375 0.05322265625
0 0.34716796875 0.954345703125 0.109375 0.09033203125
0 0.115234375 0.9599609375 0.1279296875 0.0791015625
0 0.438232421875 0.981201171875 0.04443359375 0.03662109375
0 0.5537109375 0.81689453125 0.1767578125 0.1494140625
0 0.60498046875 0.907958984375 0.0986328125 0.07275390625
0 0.491455078125 0.969482421875 0.08642578125 0.06005859375
0 0.522216796875 0.93310546875 0.07177734375 0.0732421875
0 0.408935546875 0.61865234375 0.04150390625 0.033203125
0 0.775146484375 0.927490234375 0.06982421875 0.07177734375
0 0.839111328125 0.939697265625 0.06494140625 0.06201171875
0 0.6650390625 0.828125 0.048828125 0.048828125
0 0.638916015625 0.777099609375 0.08251953125 0.09619140625
0 0.897705078125 0.704833984375 0.08056640625 0.07666015625
0 0.8798828125 0.754150390625 0.0419921875 0.05517578125
0 0.85498046875 0.75537109375 0.0439453125 0.0458984375
0 0.689453125 0.98291015625 0.0322265625 0.033203125
0 0.646728515625 0.970947265625 0.06884765625 0.05712890625
0 0.963134765625 0.977783203125 0.07275390625 0.04345703125
0 0.957763671875 0.93017578125 0.06982421875 0.0732421875
0 0.85107421875 0.985107421875 0.1103515625 0.02880859375
0 0.93359375 0.889892578125 0.044921875 0.05615234375
0 0.850341796875 0.89111328125 0.06396484375 0.046875
0 0.871337890625 0.909912109375 0.03271484375 0.03173828125
0 0.773193359375 0.791015625 0.04345703125 0.056640625
0 0.560791015625 0.7998046875 0.06298828125 0.0537109375
0 0.7421875 0.65087890625 0.0849609375 0.0771484375
0 0.768310546875 0.719970703125 0.04833984375 0.06689453125
0 0.794677734375 0.70263671875 0.06787109375 0.0595703125
0 0.822998046875 0.650634765625 0.08349609375 0.05517578125
0 0.696533203125 0.725830078125 0.03955078125 0.03466796875
0 0.692626953125 0.792236328125 0.03466796875 0.05419921875
0 0.95849609375 0.55615234375 0.08203125 0.1015625
0 0.9619140625 0.6689453125 0.0419921875 0.0322265625
0 0.82470703125 0.58935546875 0.0810546875 0.0556640625
0 0.658447265625 0.613037109375 0.04833984375 0.04833984375
0 0.611083984375 0.621826171875 0.05517578125 0.04931640625
0 0.593017578125 0.682373046875 0.04443359375 0.03759765625
0 0.90673828125 0.573486328125 0.037109375 0.07080078125
0 0.881591796875 0.56103515625 0.05224609375 0.046875
0 0.742919921875 0.59228515625 0.07470703125 0.0537109375
0 0.69677734375 0.619384765625 0.0400390625 0.06396484375
0 0.66552734375 0.557861328125 0.0673828125 0.07568359375
0 0.55126953125 0.576416015625 0.068359375 0.04052734375
0 0.570068359375 0.6796875 0.06298828125 0.05859375
0 0.586669921875 0.721923828125 0.05712890625 0.05419921875
0 0.797607421875 0.608642578125 0.03564453125 0.03564453125
0 0.3876953125 0.40234375 0.033203125 0.03515625
0 0.10205078125 0.263427734375 0.0478515625 0.04931640625
0 0.15771484375 0.186279296875 0.0537109375 0.05322265625
0 0.47021484375 0.311767578125 0.0908203125 0.08154296875
0 0.656982421875 0.187744140625 0.09619140625 0.08349609375
0 0.674560546875 0.132080078125 0.09033203125 0.06787109375
0 0.7197265625 0.215576171875 0.0830078125 0.08837890625
0 0.77294921875 0.355224609375 0.09375 0.08837890625
0 0.894775390625 0.5048828125 0.08642578125 0.0791015625
0 0.02734375 0.542236328125 0.0546875 0.08447265625
0 0.01806640625 0.92333984375 0.0361328125 0.0810546875
0 0.229248046875 0.9716796875 0.08740234375 0.0556640625
0 0.42431640625 0.943603515625 0.06640625 0.06787109375
0 0.69482421875 0.753662109375 0.0322265625 0.03466796875
0 0.633544921875 0.694091796875 0.05224609375 0.07568359375
