0 0.046630859375 0.093505859375 0.06982421875 0.06787109375
0 0.231689453125 0.21484375 0.09912109375 0.0869140625
0 0.24951171875 0.369873046875 0.1171875 0.09326171875
0 0.222900390625 0.327392578125 0.06689453125 0.06396484375
0 0.317626953125 0.2880859375 0.06884765625 0.0947265625
0 0.289306640625 0.12646484375 0.07861328125 0.0908203125
0 0.3935546875 0.0556640625 0.0986328125 0.0732421875
0 0.39990234375 0.0185546875 0.0966796875 0.037109375
0 0.492431640625 0.07568359375 0.05810546875 0.064453125
0 0.540771484375 0.197998046875 0.05615234375 0.06298828125
0 0.514892578125 0.23974609375 0.10107421875 0.087890625
0 0.4248046875 0.281982421875 0.0810546875 0.13037109375
0 0.06396484375 0.525146484375 0.0849609375 0.10400390625
0 0.399658203125 0.51171875 0.09521484375 0.0849609375
0 0.571044921875 0.39404296875 0.06494140625 0.0654296875
0 0.308349609375 0.618896484375 0.06201171875 0.07177734375
0 0.143798828125 0.646240234375 0.05908203125 0.08349609375
0 0.89892578125 0.055908203125 0.0302734375 0.05224609375
0 0.768310546875 0.19873046875 0.06884765625 0.05859375
0 0.91748046875 0.176513671875 0.052734375 0.03955078125
0 0.94091796875 0.22509765625 0.083984375 0.080078125
0 0.878662109375 0.263916015625 0.10986328125 0.08447265625
0 0.69970703125 0.29833984375 0.05078125 0.0859375
0 0.92822265625 0.373046875 0.0576171875 0.0615234375
0 0.75244140625 0.4267578125 0.0458984375 0.0556640625
0 0.796142578125 0.431396484375 0.10107421875 0.09619140625
0 0.933349609375 0.493408203125 0.07080078125 0.05615234375
0 0.51318359375 0.4833984375 0.0859375 0.0791015625
0 0.396240234375 0.564697265625 0.08642578125 0.03857421875
0 0.26708984375 0.731201171875 0.0947265625 0.10791015625
0 0.027587890625 0.667236328125 0.05517578125 0.06494140625
0 0.0517578125 0.712646484375 0.076171875 0.10107421875
0 0.082763671875 0.771728515625 0.05224609375 0.05712890625
0 0.109130859375 0.7919921875 0.06396484375 0.064453125
0 0.17529296875 0.764404296875 0.0888671875 0.05126953125
0 0.181396484375 0.80712890625 0.09521484375 0.0703125
0 0.106689453125 0.9462890625 0.08349609375 0.0810546875
0 0.044189453125 0.968505859375 0.08837890625 0.06201171875
0 0.119384765625 0.98291015625 0.06689453125 0.033203125
0 0.1982421875 0.95263671875 0.0380859375 0.04296875
0 0.21435546875 0.9794921875 0.0322265625 0.0400390625
0 0.239013671875 0.98046875 0.03662109375 0.0302734375
0 0.2705078125 0.79345703125 0.09765625 0.0830078125
0 0.39599609375 0.765869140625 0.052734375 0.04150390625
0 0.48095703125 0.968017578125 0.052734375 0.06298828125
0 0.656494140625 0.864013671875 0.10693359375 0.06787109375
0 0.7841796875 0.913818359375 0.078125 0.09521484375
0 0.87451171875 0.93896484375 0.052734375 0.0751953125
0 0.8818359375 0.839111328125 0.0810546875 0.07666015625
0 0.667236328125 0.76416015625 0.05712890625 0.044921875
0 0.69921875 0.771240234375 0.046875 0.05224609375
0 0.689697265625 0.623291015625 0.07861328125 0.07275390625
0 0.489990234375 0.7646484375 0.05419921875 0.037109375
0 0.021728515625 0.51123046875 0.04345703125 0.0771484375
0 0.92431640625 0.687744140625 0.083984375 0.06884765625
0 0.97314453125 0.5556640625 0.05078125 0.044921875
0 0.94384765625 0.534423828125 0.041015625 0.03369140625
0 0.979248046875 0.646484375 0.04052734375 0.1015625
0 0.337158203125 0.34912109375 0.09423828125 0.052734375
0 0.394287109375 0.380615234375 0.03955078125 0.03955078125
0 0.433837890625 0.37939453125 0.08154296875 0.0771484375
0 0.190185546875 0.04931640625 0.06591796875 0.044921875
0 0.10302734375 0.108154296875 0.087890625 0.07861328125
0 0.33935546875 0.412353515625 0.107421875 0.10400390625
0 0.307861328125 0.73388671875 0.03759765625 0.0224609375
0 0.064697265625 0.030517578125 0.06494140625 0.06103515625
0 0.118896484375 0.04248046875 0.08251953125 0.0830078125
0 0.0234375 0.050048828125 0.046875 0.05712890625
0 0.1962890625 0.020751953125 0.0859375 0.04150390625
0 0.0625 0.172607421875 0.060546875 0.07275390625
0 0.0244140625 0.18017578125 0.048828125 0.044921875
0 0.111572265625 0.295166015625 0.07275390625 0.09033203125
0 0.117919921875 0.32275390625 0.16259765625 0.1376953125
0 0.3154296875 0.064208984375 0.0869140625 0.08642578125
0 0.284912109375 0.1708984375 0.11669921875 0.125
0 0.35693359375 0.26025390625 0.076171875 0.08984375
0 0.481689453125 0.033203125 0.09130859375 0.064453125
0 0.47314453125 0.167724609375 0.0966796875 0.11669921875
0 0.6494140625 0.164306640625 0.0927734375 0.08251953125
0 0.665283203125 0.079345703125 0.10107421875 0.11279296875
0 0.733642578125 0.0537109375 0.09228515625 0.099609375
0 0.58056640625 0.225341796875 0.064453125 0.06884765625
0 0.494873046875 0.2783203125 0.08056640625 0.0966796875
0 0.55029296875 0.310546875 0.0673828125 0.0751953125
0 0.503173828125 0.357177734375 0.09521484375 0.07763671875
0 0.4189453125 0.448486328125 0.0927734375 0.07373046875
0 0.096435546875 0.424560546875 0.09521484375 0.10400390625
0 0.13037109375 0.52685546875 0.0888671875 0.154296875
0 0.181396484375 0.515869140625 0.07666015625 0.07666015625
0 0.31103515625 0.5048828125 0.0517578125 0.068359375
0 0.31982421875 0.569091796875 0.0732421875 0.09326171875
0 0.2001953125 0.63134765625 0.0478515625 0.076171875
0 0.1044921875 0.65869140625 0.0849609375 0.091796875
0 0.16552734375 0.7158203125 0.07421875 0.0693359375
0 0.4482421875 0.68701171875 0.0888671875 0.078125
0 0.856201171875 0.210205078125 0.09423828125 0.09130859375
0 0.960693359375 0.261474609375 0.06298828125 0.06103515625
0 0.964111328125 0.160888671875 0.06005859375 0.07861328125
0 0.646240234375 0.309326171875 0.09423828125 0.13916015625
0 0.684326171875 0.3603515625 0.06201171875 0.0712890625
0 0.769775390625 0.296875 0.12255859375 0.1357421875
0 0.640380859375 0.4287109375 0.09228515625 0.1025390625
0 0.92041015625 0.43359375 0.1103515625 0.0888671875
0 0.725341796875 0.54345703125 0.05322265625 0.0859375
0 0.601806640625 0.499755859375 0.09326171875 0.08935546875
0 0.5439453125 0.454833984375 0.1015625 0.08837890625
0 0.3740234375 0.614013671875 0.083984375 0.10009765625
0 0.02880859375 0.778076171875 0.0537109375 0.04443359375
0 0.111083984375 0.732666015625 0.05322265625 0.06884765625
0 0.128173828125 0.865966796875 0.09033203125 0.09912109375
0 0.046875 0.86328125 0.0908203125 0.0947265625
0 0.16748046875 0.956298828125 0.0576171875 0.08642578125
0 0.18212890625 0.984375 0.0419921875 0.0302734375
0 0.23291015625 0.9287109375 0.080078125 0.0751953125
0 0.341796875 0.813232421875 0.064453125 0.06787109375
0 0.43701171875 0.944091796875 0.0576171875 0.05615234375
0 0.484375 0.886474609375 0.1181640625 0.12060546875
0 0.639892578125 0.946044921875 0.05419921875 0.05908203125
0 0.764892578125 0.959716796875 0.08251953125 0.06787109375
0 0.852294921875 0.919921875 0.09521484375 0.1298828125
0 0.947265625 0.74853515625 0.07421875 0.083984375
0 0.69287109375 0.700439453125 0.0869140625 0.09716796875
0 0.563232421875 0.748779296875 0.07666015625 0.07861328125
0 0.462158203125 0.791748046875 0.08837890625 0.06396484375
0 0.4912109375 0.730712890625 0.0849609375 0.07666015625
0 0.7841796875 0.52880859375 0.087890625 0.1044921875
0 0.9365234375 0.630126953125 0.068359375 0.07177734375
0 0.85986328125 0.69970703125 0.0791015625 0.0751953125
0 0.752197265625 0.67529296875 0.07763671875 0.0849609375
0 0.801025390625 0.66357421875 0.06298828125 0.076171875
0 0.267578125 0.857177734375 0.1240234375 0.08935546875
0 0.32861328125 0.70849609375 0.0263671875 0.0341796875
0 0.354248046875 0.675048828125 0.04052734375 0.03369140625
0 0.248779296875 0.025634765625 0.05126953125 0.04833984375
0 0.2939453125 0.01611328125 0.0546875 0.0322265625
0 0.01513671875 0.123779296875 0.0302734375 0.09228515625
0 0.0390625 0.142822265625 0.0439453125 0.04052734375
0 0.12158203125 0.159912109375 0.0791015625 0.10302734375
0 0.093994140625 0.223876953125 0.04345703125 0.05810546875
0 0.140869140625 0.201171875 0.07373046875 0.1025390625
0 0.185546875 0.169189453125 0.0302734375 0.03662109375
0 0.176513671875 0.300048828125 0.06884765625 0.10107421875
0 0.252685546875 0.293701171875 0.09228515625 0.07080078125
0 0.042724609375 0.333740234375 0.04052734375 0.04931640625
0 0.02099609375 0.212890625 0.03515625 0.0341796875
0 0.0400390625 0.23388671875 0.080078125 0.083984375
0 0.30224609375 0.23779296875 0.0380859375 0.037109375
0 0.391357421875 0.139404296875 0.14892578125 0.16357421875
0 0.191162109375 0.144775390625 0.08251953125 0.06787109375
0 0.498779296875 0.116455078125 0.06201171875 0.07177734375
0 0.534912109375 0.15673828125 0.05029296875 0.0439453125
0 0.59033203125 0.171630859375 0.0556640625 0.06201171875
0 0.66552734375 0.025390625 0.078125 0.05078125
0 0.591796875 0.0732421875 0.0478515625 0.076171875
0 0.551025390625 0.10205078125 0.06201171875 0.078125
0 0.638916015625 0.234619140625 0.08544921875 0.07080078125
0 0.58056640625 0.28271484375 0.056640625 0.087890625
0 0.390380859375 0.336181640625 0.09619140625 0.07177734375
0 0.303955078125 0.45166015625 0.05517578125 0.04296875
0 0.35498046875 0.490234375 0.0693359375 0.0732421875
0 0.240478515625 0.405029296875 0.08935546875 0.05126953125
0 0.2236328125 0.43603515625 0.0986328125 0.0830078125
0 0.14599609375 0.4296875 0.076171875 0.09375
0 0.057861328125 0.38330078125 0.09423828125 0.083984375
0 0.05029296875 0.46044921875 0.0595703125 0.0791015625
0 0.254638671875 0.569580078125 0.08837890625 0.08837890625
0 0.4658203125 0.45166015625 0.0576171875 0.107421875
0 0.2626953125 0.505859375 0.0478515625 0.0517578125
0 0.146728515625 0.59033203125 0.05712890625 0.0478515625
0 0.248291015625 0.638671875 0.05712890625 0.0703125
0 0.27490234375 0.6630859375 0.0322265625 0.0361328125
0 0.173583984375 0.6103515625 0.03466796875 0.033203125
0 0.18701171875 0.6279296875 0.03125 0.0263671875
0 0.204345703125 0.6826171875 0.03173828125 0.0234375
0 0.229736328125 0.723388671875 0.06103515625 0.08154296875
0 0.486328125 0.552490234375 0.076171875 0.12744140625
0 0.533447265625 0.537841796875 0.05810546875 0.05322265625
0 0.46240234375 0.623046875 0.1015625 0.0849609375
0 0.53125 0.6884765625 0.080078125 0.06640625
0 0.88037109375 0.072509765625 0.041015625 0.06396484375
0 0.8349609375 0.093505859375 0.0732421875 0.05908203125
0 0.939697265625 0.121826171875 0.06982421875 0.07666015625
0 0.7998046875 0.2548828125 0.0771484375 0.076171875
0 0.80859375 0.20068359375 0.0283203125 0.03125
0 0.892822265625 0.312255859375 0.03466796875 0.03173828125
0 0.95556640625 0.052490234375 0.03515625 0.06298828125
0 0.800537109375 0.13037109375 0.14111328125 0.08984375
0 0.8125 0.142578125 0.044921875 0.0341796875
0 0.742919921875 0.345458984375 0.04638671875 0.04931640625
0 0.957275390625 0.32177734375 0.08447265625 0.08203125
0 0.9736328125 0.390625 0.0517578125 0.0615234375
0 0.851318359375 0.446044921875 0.03173828125 0.04150390625
0 0.871826171875 0.486083984375 0.07275390625 0.05908203125
0 0.60986328125 0.564208984375 0.0947265625 0.08251953125
0 0.401123046875 0.593017578125 0.04833984375 0.03955078125
0 0.30908203125 0.670166015625 0.0615234375 0.05029296875
0 0.07470703125 0.7275390625 0.0400390625 0.037109375
0 0.036376953125 0.811279296875 0.07275390625 0.05419921875
0 0.020263671875 0.9287109375 0.04052734375 0.0576171875
0 0.19384765625 0.85693359375 0.0234375 0.0400390625
0 0.287353515625 0.980712890625 0.06103515625 0.03759765625
0 0.2080078125 0.895263671875 0.0625 0.06005859375
0 0.32958984375 0.765869140625 0.029296875 0.04541015625
0 0.362060546875 0.77734375 0.04443359375 0.048828125
0 0.401611328125 0.8369140625 0.09423828125 0.107421875
0 0.37109375 0.9609375 0.0380859375 0.037109375
0 0.56640625 0.962890625 0.083984375 0.072265625
0 0.5908203125 0.885009765625 0.107421875 0.09033203125
0 0.71728515625 0.87890625 0.064453125 0.0966796875
0 0.694580078125 0.912109375 0.06005859375 0.0595703125
0 0.655029296875 0.908935546875 0.03466796875 0.03564453125
0 0.676025390625 0.969970703125 0.08056640625 0.05908203125
0 0.710693359375 0.953369140625 0.07568359375 0.05224609375
0 0.75439453125 0.89306640625 0.041015625 0.056640625
0 0.978271484375 0.956787109375 0.04248046875 0.08544921875
0 0.909423828125 0.85693359375 0.04931640625 0.0732421875
0 0.952880859375 0.87255859375 0.09326171875 0.1025390625
0 0.962646484375 0.82861328125 0.06787109375 0.048828125
0 0.933837890625 0.787109375 0.09619140625 0.07421875
0 0.884765625 0.735107421875 0.0439453125 0.04638671875
0 0.84033203125 0.732666015625 0.04296875 0.03369140625
0 0.8125 0.723876953125 0.0546875 0.05517578125
0 0.771484375 0.73974609375 0.0419921875 0.0498046875
0 0.74658203125 0.7578125 0.072265625 0.0810546875
0 0.7197265625 0.8076171875 0.0771484375 0.060546875
0 0.672119140625 0.6591796875 0.03466796875 0.03125
0 0.757080078125 0.603515625 0.06494140625 0.064453125
0 0.806396484375 0.6123046875 0.03759765625 0.03515625
0 0.82470703125 0.583251953125 0.0947265625 0.07275390625
0 0.6171875 0.7041015625 0.078125 0.0546875
0 0.54638671875 0.81787109375 0.091796875 0.099609375
0 0.01513671875 0.451171875 0.0302734375 0.0634765625
0 0.876220703125 0.027587890625 0.03271484375 0.02880859375
0 0.84326171875 0.642333984375 0.0478515625 0.05810546875
0 0.88232421875 0.63916015625 0.0595703125 0.0576171875
0 0.88427734375 0.55615234375 0.0908203125 0.109375
0 0.934326171875 0.564697265625 0.04052734375 0.03564453125
0 0.948974609375 0.6123046875 0.04736328125 0.068359375
0 0.836669921875 0.525146484375 0.03662109375 0.04833984375
0 0.969970703125 0.708740234375 0.05908203125 0.05810546875
0 0.915283203125 0.7333984375 0.02294921875 0.033203125
0 0.364013671875 0.73193359375 0.04248046875 0.046875
0 0.354248046875 0.646484375 0.02783203125 0.03125
0 0.044677734375 0.613037109375 0.06591796875 0.06982421875
0 0.1796875 0.5595703125 0.0927734375 0.0810546875
0 0.88525390625 0.13232421875 0.05859375 0.0859375
0 0.699462890625 0.505126953125 0.11376953125 0.11083984375
0 0.69091796875 0.563720703125 0.0595703125 0.06591796875
0 0.1650390625 0.854736328125 0.0400390625 0.03955078125
0 0.337646484375 0.93359375 0.11474609375 0.109375
0 0.763671875 0.843505859375 0.0361328125 0.03662109375
0 0.923095703125 0.9287109375 0.06396484375 0.0693359375
