0 0.1865234375 0.092041015625 0.0322265625 0.05224609375
0 0.1845703125 0.1318359375 0.0625 0.087890625
0 0.35595703125 0.0693359375 0.0498046875 0.041015625
0 0.4228515625 0.049072265625 0.046875 0.04052734375
0 0.47021484375 0.0712890625 0.0693359375 0.0341796875
0 0.35595703125 0.1552734375 0.1025390625 0.060546875
0 0.520751953125 0.224365234375 0.04150390625 0.05126953125
0 0.105712890625 0.452880859375 0.02978515625 0.03564453125
0 0.100341796875 0.611328125 0.06103515625 0.0595703125
0 0.52099609375 0.479248046875 0.048828125 0.03955078125
0 0.512939453125 0.671142578125 0.06689453125 0.06689453125
0 0.013427734375 0.802490234375 0.02685546875 0.05517578125
0 0.014404296875 0.845458984375 0.02880859375 0.04248046875
0 0.076171875 0.916015625 0.0458984375 0.07421875
0 0.8876953125 0.7939453125 0.0966796875 0.0791015625
0 0.7763671875 0.73095703125 0.1083984375 0.078125
0 0.583984375 0.18017578125 0.0263671875 0.037109375
0 0.348388671875 0.75732421875 0.02099609375 0.0400390625
0 0.308837890625 0.013671875 0.05419921875 0.02734375
0 0.041748046875 0.16064453125 0.08349609375 0.0966796875
0 0.10205078125 0.16064453125 0.080078125 0.0712890625
0 0.291259765625 0.1025390625 0.04931640625 0.0712890625
0 0.459228515625 0.2509765625 0.05322265625 0.0322265625
0 0.060791015625 0.369384765625 0.04345703125 0.03466796875
0 0.235107421875 0.385009765625 0.07275390625 0.06494140625
0 0.154296875 0.57666015625 0.0673828125 0.048828125
0 0.04443359375 0.735595703125 0.0478515625 0.07861328125
0 0.13818359375 0.720947265625 0.0625 0.05712890625
0 0.484375 0.501708984375 0.048828125 0.05322265625
0 0.474609375 0.702392578125 0.05078125 0.08642578125
0 0.4443359375 0.982177734375 0.0673828125 0.03466796875
0 0.770263671875 0.953125 0.04736328125 0.04296875
0 0.849365234375 0.63427734375 0.06689453125 0.0859375
0 0.634521484375 0.195068359375 0.09423828125 0.09521484375
0 0.64990234375 0.279052734375 0.0595703125 0.07958984375
0 0.935791015625 0.40673828125 0.05615234375 0.064453125
0 0.255126953125 0.867431640625 0.06298828125 0.06591796875
0 0.0322265625 0.045166015625 0.0595703125 0.06884765625
0 0.015625 0.10400390625 0.03125 0.046875
0 0.0537109375 0.0693359375 0.0615234375 0.05859375
0 0.051513671875 0.109130859375 0.04541015625 0.03173828125
0 0.072998046875 0.125 0.04541015625 0.0615234375
0 0.25 0.056396484375 0.0341796875 0.04638671875
0 0.265869140625 0.091796875 0.02880859375 0.03125
0 0.271484375 0.190673828125 0.041015625 0.03271484375
0 0.245361328125 0.183349609375 0.08544921875 0.08837890625
0 0.20703125 0.314697265625 0.08984375 0.08251953125
0 0.303466796875 0.159423828125 0.03759765625 0.04345703125
0 0.281494140625 0.2109375 0.04443359375 0.0380859375
0 0.376220703125 0.044921875 0.07666015625 0.0771484375
0 0.35595703125 0.0146484375 0.06640625 0.029296875
0 0.4150390625 0.08642578125 0.0546875 0.04296875
0 0.11865234375 0.263427734375 0.0986328125 0.10302734375
0 0.089111328125 0.3251953125 0.07275390625 0.056640625
0 0.121337890625 0.343994140625 0.04541015625 0.04638671875
0 0.386474609375 0.30419921875 0.04833984375 0.0703125
0 0.372314453125 0.18359375 0.07373046875 0.0634765625
0 0.535888671875 0.171142578125 0.12060546875 0.14013671875
0 0.44775390625 0.228271484375 0.0263671875 0.02685546875
0 0.491943359375 0.22705078125 0.02099609375 0.03125
0 0.01708984375 0.34619140625 0.0341796875 0.0546875
0 0.052001953125 0.34521484375 0.03271484375 0.029296875
0 0.018310546875 0.497314453125 0.03271484375 0.03466796875
0 0.051025390625 0.476806640625 0.04541015625 0.05029296875
0 0.058349609375 0.4345703125 0.04150390625 0.0380859375
0 0.09765625 0.399658203125 0.076171875 0.06396484375
0 0.195068359375 0.4189453125 0.05029296875 0.064453125
0 0.307373046875 0.399169921875 0.06591796875 0.06201171875
0 0.423828125 0.349853515625 0.06640625 0.10107421875
0 0.482421875 0.425048828125 0.0791015625 0.08154296875
0 0.353759765625 0.42626953125 0.06298828125 0.0546875
0 0.2353515625 0.448486328125 0.0537109375 0.06201171875
0 0.465087890625 0.366455078125 0.02197265625 0.03271484375
0 0.481689453125 0.35107421875 0.10693359375 0.091796875
0 0.568359375 0.3984375 0.0771484375 0.0771484375
0 0.5380859375 0.434326171875 0.05859375 0.07373046875
0 0.368408203125 0.373046875 0.07666015625 0.087890625
0 0.40625 0.48828125 0.08984375 0.1103515625
0 0.198486328125 0.5244140625 0.07666015625 0.076171875
0 0.036865234375 0.66943359375 0.07373046875 0.068359375
0 0.01416015625 0.74462890625 0.0283203125 0.08984375
0 0.31884765625 0.64404296875 0.091796875 0.0947265625
0 0.33056640625 0.5712890625 0.095703125 0.06640625
0 0.253173828125 0.64794921875 0.06103515625 0.1171875
0 0.284423828125 0.6162109375 0.04443359375 0.0517578125
0 0.091796875 0.769775390625 0.07421875 0.08056640625
0 0.435546875 0.70751953125 0.0673828125 0.0634765625
0 0.456298828125 0.7587890625 0.05908203125 0.06640625
0 0.39306640625 0.7529296875 0.07421875 0.09765625
0 0.153564453125 0.755859375 0.05615234375 0.0595703125
0 0.55126953125 0.548828125 0.03125 0.029296875
0 0.55078125 0.62744140625 0.0439453125 0.033203125
0 0.595703125 0.612548828125 0.04296875 0.04638671875
0 0.603515625 0.58349609375 0.025390625 0.029296875
0 0.5810546875 0.5888671875 0.0224609375 0.0224609375
0 0.531494140625 0.53369140625 0.03076171875 0.01953125
0 0.539794921875 0.5107421875 0.04345703125 0.033203125
0 0.517333984375 0.61279296875 0.04345703125 0.0537109375
0 0.418701171875 0.633056640625 0.05810546875 0.07373046875
0 0.38818359375 0.6591796875 0.0546875 0.0693359375
0 0.03076171875 0.95068359375 0.0615234375 0.0869140625
0 0.13037109375 0.97119140625 0.0556640625 0.056640625
0 0.2099609375 0.83056640625 0.0595703125 0.0517578125
0 0.25830078125 0.8310546875 0.0390625 0.0400390625
0 0.19775390625 0.883544921875 0.0615234375 0.07861328125
0 0.252197265625 0.897216796875 0.03564453125 0.03857421875
0 0.31494140625 0.868896484375 0.08203125 0.07275390625
0 0.27001953125 0.9677734375 0.0341796875 0.041015625
0 0.170654296875 0.97119140625 0.02392578125 0.0263671875
0 0.282958984375 0.7841796875 0.05419921875 0.060546875
0 0.319580078125 0.759033203125 0.04345703125 0.04541015625
0 0.341796875 0.70703125 0.0703125 0.0654296875
0 0.293701171875 0.737548828125 0.06103515625 0.04248046875
0 0.281005859375 0.7099609375 0.06201171875 0.0556640625
0 0.42138671875 0.798095703125 0.037109375 0.03369140625
0 0.317138671875 0.98046875 0.06298828125 0.0380859375
0 0.483154296875 0.878173828125 0.08154296875 0.08447265625
0 0.44921875 0.9423828125 0.0673828125 0.0595703125
0 0.650146484375 0.914306640625 0.04052734375 0.03173828125
0 0.622802734375 0.84033203125 0.08154296875 0.0546875
0 0.569091796875 0.7216796875 0.07958984375 0.0712890625
0 0.509033203125 0.744384765625 0.05908203125 0.09423828125
0 0.57568359375 0.87646484375 0.0595703125 0.068359375
0 0.7158203125 0.8017578125 0.072265625 0.068359375
0 0.728515625 0.85498046875 0.06640625 0.0703125
0 0.887451171875 0.86279296875 0.14013671875 0.1181640625
0 0.8603515625 0.960693359375 0.072265625 0.07763671875
0 0.933349609375 0.919921875 0.04736328125 0.0537109375
0 0.938232421875 0.874755859375 0.06298828125 0.04931640625
0 0.939697265625 0.953369140625 0.08837890625 0.08251953125
0 0.97216796875 0.9755859375 0.0546875 0.0478515625
0 0.8271484375 0.85986328125 0.029296875 0.0302734375
0 0.620849609375 0.756591796875 0.02880859375 0.04638671875
0 0.795166015625 0.80322265625 0.02783203125 0.03125
0 0.7041015625 0.692138671875 0.0361328125 0.08154296875
0 0.74365234375 0.6845703125 0.0615234375 0.0673828125
0 0.669921875 0.69775390625 0.048828125 0.0634765625
0 0.73291015625 0.60400390625 0.09375 0.09375
0 0.6943359375 0.566162109375 0.0810546875 0.07763671875
0 0.648193359375 0.599365234375 0.04931640625 0.06103515625
0 0.618408203125 0.630859375 0.04638671875 0.05078125
0 0.575927734375 0.63916015625 0.03857421875 0.0400390625
0 0.5615234375 0.60546875 0.037109375 0.0263671875
0 0.61572265625 0.537841796875 0.060546875 0.05712890625
0 0.568359375 0.572265625 0.0830078125 0.080078125
0 0.95068359375 0.647216796875 0.048828125 0.06005859375
0 0.9150390625 0.605224609375 0.0771484375 0.07666015625
0 0.899658203125 0.682861328125 0.06787109375 0.07470703125
0 0.81884765625 0.64697265625 0.037109375 0.03515625
0 0.842041015625 0.56201171875 0.04931640625 0.04296875
0 0.83349609375 0.520751953125 0.0634765625 0.06591796875
0 0.781982421875 0.5107421875 0.09130859375 0.0732421875
0 0.792724609375 0.55810546875 0.04931640625 0.052734375
0 0.810302734375 0.58642578125 0.05126953125 0.05859375
0 0.8994140625 0.013671875 0.080078125 0.02734375
0 0.956787109375 0.04443359375 0.07958984375 0.0869140625
0 0.798095703125 0.148193359375 0.09716796875 0.08544921875
0 0.89892578125 0.1708984375 0.0673828125 0.0546875
0 0.836669921875 0.22705078125 0.03662109375 0.0419921875
0 0.80859375 0.22802734375 0.0263671875 0.0400390625
0 0.816162109375 0.2578125 0.03173828125 0.025390625
0 0.7646484375 0.2021484375 0.0849609375 0.0830078125
0 0.802978515625 0.073486328125 0.07763671875 0.07373046875
0 0.767822265625 0.10498046875 0.03369140625 0.0390625
0 0.660400390625 0.127197265625 0.02587890625 0.03076171875
0 0.81982421875 0.02783203125 0.05078125 0.04296875
0 0.8544921875 0.16064453125 0.0283203125 0.0703125
0 0.89404296875 0.12060546875 0.0693359375 0.0732421875
0 0.944091796875 0.18603515625 0.07275390625 0.076171875
0 0.624755859375 0.1357421875 0.07275390625 0.0576171875
0 0.6611328125 0.078857421875 0.0498046875 0.07373046875
0 0.986328125 0.142333984375 0.0263671875 0.04833984375
0 0.93359375 0.303466796875 0.06640625 0.07373046875
0 0.901123046875 0.324951171875 0.03662109375 0.04541015625
0 0.845947265625 0.313720703125 0.03759765625 0.03759765625
0 0.84326171875 0.284912109375 0.0224609375 0.03173828125
0 0.730224609375 0.298828125 0.08837890625 0.078125
0 0.734619140625 0.341064453125 0.04638671875 0.04443359375
0 0.700439453125 0.409423828125 0.12744140625 0.11474609375
0 0.784423828125 0.414306640625 0.03271484375 0.03466796875
0 0.77587890625 0.37353515625 0.05078125 0.0625
0 0.749755859375 0.376953125 0.03271484375 0.0419921875
0 0.762939453125 0.419677734375 0.06005859375 0.05615234375
0 0.692626953125 0.425048828125 0.04736328125 0.04931640625
0 0.706787109375 0.370849609375 0.07275390625 0.08447265625
0 0.66748046875 0.3349609375 0.046875 0.056640625
0 0.881103515625 0.5068359375 0.06884765625 0.0595703125
0 0.906494140625 0.43994140625 0.07275390625 0.06640625
0 0.85498046875 0.46826171875 0.064453125 0.052734375
0 0.862060546875 0.42236328125 0.05419921875 0.046875
0 0.797119140625 0.45654296875 0.07861328125 0.0625
0 0.821044921875 0.425537109375 0.04052734375 0.03369140625
0 0.973876953125 0.427978515625 0.05126953125 0.06982421875
0 0.9521484375 0.568359375 0.0615234375 0.064453125
0 0.6826171875 0.937744140625 0.0234375 0.02392578125
0 0.784423828125 0.632080078125 0.06494140625 0.06396484375
0 0.034423828125 0.883056640625 0.06884765625 0.08154296875
0 0.361083984375 0.8876953125 0.05419921875 0.076171875
0 0.830322265625 0.343505859375 0.10693359375 0.08056640625
0 0.879638671875 0.302978515625 0.05224609375 0.06298828125
0 0.896728515625 0.2666015625 0.03662109375 0.037109375
0 0.30126953125 0.05322265625 0.09375 0.08984375
0 0.0693359375 0.01806640625 0.0732421875 0.0361328125
0 0.097412109375 0.0908203125 0.03564453125 0.046875
0 0.13623046875 0.0595703125 0.0791015625 0.099609375
0 0.14111328125 0.133056640625 0.048828125 0.04833984375
0 0.241455078125 0.10986328125 0.10302734375 0.0830078125
0 0.437744140625 0.028076171875 0.04638671875 0.05224609375
0 0.48681640625 0.03271484375 0.08984375 0.0654296875
0 0.2744140625 0.259521484375 0.0771484375 0.06201171875
0 0.327880859375 0.299072265625 0.09033203125 0.08642578125
0 0.329345703125 0.221435546875 0.08251953125 0.08349609375
0 0.3974609375 0.211669921875 0.09375 0.10693359375
0 0.502685546875 0.252197265625 0.06982421875 0.05029296875
0 0.4892578125 0.18798828125 0.0546875 0.0576171875
0 0.46728515625 0.283447265625 0.1123046875 0.06982421875
0 0.5478515625 0.05224609375 0.0654296875 0.0498046875
0 0.599853515625 0.0888671875 0.08154296875 0.0947265625
0 0.051513671875 0.255126953125 0.07568359375 0.09326171875
0 0.31982421875 0.5302734375 0.103515625 0.0634765625
0 0.33740234375 0.4873046875 0.0576171875 0.064453125
0 0.285400390625 0.45654296875 0.07666015625 0.1123046875
0 0.1806640625 0.369873046875 0.0703125 0.04638671875
0 0.101806640625 0.489990234375 0.06298828125 0.07373046875
0 0.119140625 0.477783203125 0.0400390625 0.02783203125
0 0.4287109375 0.41796875 0.0595703125 0.048828125
0 0.065185546875 0.56640625 0.06396484375 0.0595703125
0 0.0400390625 0.62451171875 0.0498046875 0.048828125
0 0.17529296875 0.6103515625 0.07421875 0.0400390625
0 0.213623046875 0.588623046875 0.07373046875 0.06396484375
0 0.09912109375 0.66943359375 0.060546875 0.0732421875
0 0.152099609375 0.66162109375 0.06103515625 0.0830078125
0 0.218017578125 0.720947265625 0.04833984375 0.05908203125
0 0.076416015625 0.708984375 0.06201171875 0.0576171875
0 0.20751953125 0.667236328125 0.056640625 0.07373046875
0 0.179443359375 0.7294921875 0.04443359375 0.0576171875
0 0.46728515625 0.552490234375 0.0693359375 0.04345703125
0 0.470458984375 0.61767578125 0.06103515625 0.076171875
0 0.080810546875 0.882568359375 0.05517578125 0.07958984375
0 0.127197265625 0.8818359375 0.08056640625 0.125
0 0.0732421875 0.9609375 0.08984375 0.0771484375
0 0.161865234375 0.923828125 0.06396484375 0.0869140625
0 0.157470703125 0.826904296875 0.06982421875 0.06884765625
0 0.233154296875 0.959228515625 0.05908203125 0.08056640625
0 0.2783203125 0.917236328125 0.06640625 0.06787109375
0 0.32666015625 0.808837890625 0.10546875 0.06884765625
0 0.248779296875 0.76318359375 0.07470703125 0.11328125
0 0.391357421875 0.82763671875 0.06103515625 0.06640625
0 0.40576171875 0.892822265625 0.07421875 0.09326171875
0 0.5224609375 0.845947265625 0.0732421875 0.10205078125
0 0.382080078125 0.973876953125 0.05810546875 0.05126953125
0 0.613525390625 0.91748046875 0.06787109375 0.0654296875
0 0.69873046875 0.906982421875 0.0830078125 0.08740234375
0 0.808349609375 0.934814453125 0.10400390625 0.07373046875
0 0.796875 0.87939453125 0.0751953125 0.0703125
0 0.773681640625 0.83251953125 0.06201171875 0.0673828125
0 0.64306640625 0.788818359375 0.0439453125 0.04931640625
0 0.658203125 0.749267578125 0.0498046875 0.04345703125
0 0.790283203125 0.78271484375 0.04833984375 0.0390625
0 0.86376953125 0.742919921875 0.0927734375 0.09326171875
0 0.6435546875 0.664794921875 0.115234375 0.11181640625
0 0.80224609375 0.6806640625 0.0908203125 0.056640625
0 0.89697265625 0.5693359375 0.0732421875 0.076171875
0 0.61083984375 0.023193359375 0.064453125 0.04638671875
0 0.7705078125 0.269775390625 0.083984375 0.07080078125
0 0.736328125 0.113525390625 0.0615234375 0.06005859375
0 0.740234375 0.069091796875 0.08203125 0.08154296875
0 0.8828125 0.212890625 0.060546875 0.0595703125
0 0.931884765625 0.245849609375 0.08349609375 0.06201171875
0 0.6025390625 0.309814453125 0.078125 0.09716796875
0 0.97265625 0.105224609375 0.0537109375 0.07177734375
0 0.974853515625 0.273681640625 0.04931640625 0.06201171875
0 0.96484375 0.350830078125 0.0693359375 0.10009765625
0 0.905029296875 0.36572265625 0.06396484375 0.0634765625
0 0.929443359375 0.498779296875 0.09716796875 0.08837890625
0 0.91748046875 0.886962890625 0.04296875 0.03955078125
0 0.896240234375 0.915771484375 0.05029296875 0.04833984375
0 0.975341796875 0.922607421875 0.04833984375 0.09716796875
0 0.779052734375 0.983642578125 0.06982421875 0.03173828125
0 0.263427734375 0.351806640625 0.03955078125 0.04833984375
0 0.702880859375 0.9853515625 0.07861328125 0.0283203125
0 0.347412109375 0.113525390625 0.07958984375 0.05810546875
0 0.45849609375 0.11767578125 0.1083984375 0.07421875
0 0.157470703125 0.490478515625 0.05615234375 0.05908203125
0 0.5849609375 0.480224609375 0.078125 0.09619140625
0 0.576904296875 0.79150390625 0.08837890625 0.0771484375
0 0.678955078125 0.025390625 0.07275390625 0.05078125
0 0.761962890625 0.019775390625 0.07958984375 0.03955078125
