0 0.6162109375 0.698974609375 0.0263671875 0.04931640625
0 0.50732421875 0.568603515625 0.0458984375 0.04638671875
0 0.07177734375 0.59716796875 0.0654296875 0.060546875
0 0.157470703125 0.62109375 0.07275390625 0.064453125
0 0.244873046875 0.91650390625 0.08837890625 0.0751953125
0 0.253662109375 0.963623046875 0.05029296875 0.04150390625
0 0.094482421875 0.074462890625 0.04443359375 0.06103515625
0 0.1806640625 0.078857421875 0.072265625 0.05224609375
0 0.209228515625 0.04541015625 0.06689453125 0.0703125
0 0.1806640625 0.026123046875 0.033203125 0.03662109375
0 0.181396484375 0.228759765625 0.04345703125 0.03662109375
0 0.169677734375 0.182861328125 0.07177734375 0.10107421875
0 0.907470703125 0.23291015625 0.08154296875 0.0791015625
0 0.961669921875 0.181396484375 0.05419921875 0.06884765625
0 0.970703125 0.258544921875 0.0419921875 0.05029296875
0 0.8193359375 0.336669921875 0.1435546875 0.07861328125
0 0.968505859375 0.417236328125 0.05908203125 0.08349609375
0 0.987548828125 0.40283203125 0.02392578125 0.0703125
0 0.77490234375 0.412841796875 0.0361328125 0.04345703125
0 0.7705078125 0.346435546875 0.02734375 0.02685546875
0 0.97412109375 0.4970703125 0.05078125 0.0693359375
0 0.603759765625 0.69482421875 0.03173828125 0.06640625
0 0.622314453125 0.5498046875 0.05908203125 0.04296875
0 0.556396484375 0.541748046875 0.05908203125 0.06884765625
0 0.598388671875 0.501708984375 0.07763671875 0.07568359375
0 0.413818359375 0.269287109375 0.08154296875 0.07568359375
0 0.39892578125 0.376708984375 0.068359375 0.06884765625
0 0.50390625 0.530517578125 0.0693359375 0.05810546875
0 0.246337890625 0.40380859375 0.06005859375 0.0654296875
0 0.208251953125 0.5029296875 0.06787109375 0.0634765625
0 0.17041015625 0.760009765625 0.0810546875 0.10205078125
0 0.71826171875 0.9091796875 0.0693359375 0.0419921875
0 0.750732421875 0.966064453125 0.06884765625 0.06689453125
0 0.564208984375 0.8623046875 0.04833984375 0.078125
0 0.273681640625 0.888427734375 0.08251953125 0.07763671875
0 0.426025390625 0.931396484375 0.05810546875 0.08447265625
0 0.111328125 0.828857421875 0.0537109375 0.08447265625
0 0.6708984375 0.836669921875 0.0283203125 0.03759765625
0 0.031982421875 0.06591796875 0.06396484375 0.083984375
0 0.030029296875 0.1240234375 0.06005859375 0.0400390625
0 0.099365234375 0.0810546875 0.10888671875 0.162109375
0 0.136474609375 0.16357421875 0.06005859375 0.080078125
0 0.129150390625 0.07373046875 0.03564453125 0.041015625
0 0.176025390625 0.110107421875 0.03369140625 0.03857421875
0 0.1953125 0.01318359375 0.103515625 0.0263671875
0 0.079833984375 0.145751953125 0.03857421875 0.04931640625
0 0.03076171875 0.1787109375 0.060546875 0.0771484375
0 0.083740234375 0.211669921875 0.07177734375 0.07958984375
0 0.176513671875 0.266357421875 0.02587890625 0.02294921875
0 0.240478515625 0.1943359375 0.07666015625 0.0703125
0 0.278564453125 0.146484375 0.08056640625 0.076171875
0 0.364013671875 0.219970703125 0.04931640625 0.05322265625
0 0.44384765625 0.111083984375 0.0615234375 0.05029296875
0 0.454345703125 0.17626953125 0.07666015625 0.076171875
0 0.39208984375 0.038330078125 0.0693359375 0.07568359375
0 0.442626953125 0.065673828125 0.07666015625 0.06591796875
0 0.505859375 0.045166015625 0.0654296875 0.07373046875
0 0.61083984375 0.018310546875 0.0595703125 0.03662109375
0 0.6845703125 0.01025390625 0.06640625 0.0205078125
0 0.4970703125 0.12890625 0.0712890625 0.0791015625
0 0.81298828125 0.0263671875 0.0517578125 0.052734375
0 0.937744140625 0.071533203125 0.05712890625 0.06494140625
0 0.9814453125 0.04345703125 0.0361328125 0.041015625
0 0.97900390625 0.072509765625 0.041015625 0.04248046875
0 0.896484375 0.17822265625 0.0732421875 0.068359375
0 0.826171875 0.191650390625 0.0849609375 0.05712890625
0 0.81787109375 0.2529296875 0.080078125 0.072265625
0 0.7744140625 0.245361328125 0.0224609375 0.02392578125
0 0.782958984375 0.206787109375 0.06494140625 0.06591796875
0 0.971435546875 0.22314453125 0.04833984375 0.0322265625
0 0.99072265625 0.255615234375 0.017578125 0.03271484375
0 0.823486328125 0.30126953125 0.05712890625 0.0439453125
0 0.914306640625 0.376220703125 0.07470703125 0.10009765625
0 0.88916015625 0.436767578125 0.072265625 0.06396484375
0 0.734375 0.44189453125 0.080078125 0.0703125
0 0.802490234375 0.39453125 0.03271484375 0.056640625
0 0.735595703125 0.382080078125 0.03955078125 0.02978515625
0 0.701416015625 0.31640625 0.09326171875 0.09765625
0 0.695556640625 0.38134765625 0.06982421875 0.0615234375
0 0.627685546875 0.421630859375 0.08544921875 0.08251953125
0 0.669189453125 0.471923828125 0.07666015625 0.09033203125
0 0.714111328125 0.4970703125 0.07373046875 0.0595703125
0 0.84375 0.49755859375 0.0615234375 0.0791015625
0 0.896728515625 0.3 0.06298828125 0.08203125
0 0.70654296875 0.592529296875 0.044921875 0.04541015625
0 0.705078125 0.614990234375 0.0595703125 0.04150390625
0 0.707275390625 0.66064453125 0.09521484375 0.0625
0 0.91650390625 0.645263671875 0.0693359375 0.09130859375
0 0.8203125 0.61962890625 0.0302734375 0.0341796875
0 0.875 0.67138671875 0.03515625 0.0419921875
0 0.880126953125 0.71142578125 0.04736328125 0.0390625
0 0.693359375 0.7109375 0.08203125 0.0576171875
0 0.8251953125 0.695556640625 0.07421875 0.06396484375
0 0.760498046875 0.706787109375 0.06201171875 0.06787109375
0 0.69482421875 0.747802734375 0.033203125 0.02197265625
0 0.666748046875 0.747314453125 0.02587890625 0.02490234375
0 0.644287109375 0.695556640625 0.03369140625 0.04638671875
0 0.76953125 0.763427734375 0.0400390625 0.05908203125
0 0.781005859375 0.8134765625 0.05615234375 0.05859375
0 0.824462890625 0.7880859375 0.05810546875 0.09765625
0 0.82763671875 0.748291015625 0.03515625 0.01806640625
0 0.963623046875 0.81982421875 0.06103515625 0.0595703125
0 0.716064453125 0.827880859375 0.03759765625 0.03466796875
0 0.8828125 0.84326171875 0.029296875 0.0322265625
0 0.908447265625 0.86376953125 0.04052734375 0.037109375
0 0.95849609375 0.684814453125 0.064453125 0.08447265625
0 0.6494140625 0.625732421875 0.078125 0.11181640625
0 0.6201171875 0.645263671875 0.04296875 0.06787109375
0 0.565185546875 0.6796875 0.05322265625 0.0576171875
0 0.640869140625 0.7333984375 0.02685546875 0.03125
0 0.701416015625 0.56689453125 0.03564453125 0.0302734375
0 0.28564453125 0.267333984375 0.0732421875 0.06005859375
0 0.285888671875 0.318115234375 0.03662109375 0.02685546875
0 0.26416015625 0.3212890625 0.025390625 0.0283203125
0 0.13134765625 0.32177734375 0.01953125 0.021484375
0 0.180908203125 0.380859375 0.05908203125 0.05078125
0 0.119384765625 0.38916015625 0.07275390625 0.060546875
0 0.38525390625 0.33837890625 0.0703125 0.06640625
0 0.310546875 0.40087890625 0.0380859375 0.0478515625
0 0.44482421875 0.360107421875 0.021484375 0.02294921875
0 0.49267578125 0.326904296875 0.033203125 0.05126953125
0 0.44384765625 0.34228515625 0.025390625 0.0283203125
0 0.39404296875 0.29541015625 0.025390625 0.029296875
0 0.456787109375 0.31591796875 0.04736328125 0.0595703125
0 0.47900390625 0.382568359375 0.064453125 0.09228515625
0 0.51806640625 0.428955078125 0.056640625 0.03173828125
0 0.4931640625 0.453125 0.041015625 0.0537109375
0 0.398193359375 0.465576171875 0.04443359375 0.04150390625
0 0.365234375 0.489990234375 0.0419921875 0.04150390625
0 0.365478515625 0.423095703125 0.01611328125 0.02099609375
0 0.448974609375 0.500732421875 0.07763671875 0.07861328125
0 0.337890625 0.504150390625 0.0361328125 0.04833984375
0 0.370849609375 0.53955078125 0.04345703125 0.0576171875
0 0.05517578125 0.4560546875 0.068359375 0.0556640625
0 0.075927734375 0.516845703125 0.02294921875 0.02587890625
0 0.053955078125 0.5146484375 0.03955078125 0.0380859375
0 0.072509765625 0.48681640625 0.02978515625 0.0341796875
0 0.1298828125 0.522216796875 0.04296875 0.05126953125
0 0.15185546875 0.532470703125 0.041015625 0.04443359375
0 0.080810546875 0.549072265625 0.06298828125 0.04248046875
0 0.21435546875 0.610595703125 0.05859375 0.06396484375
0 0.13232421875 0.657958984375 0.080078125 0.06005859375
0 0.1025390625 0.742919921875 0.0625 0.06005859375
0 0.196533203125 0.707763671875 0.04052734375 0.04541015625
0 0.13623046875 0.7080078125 0.0859375 0.0537109375
0 0.22998046875 0.78564453125 0.0693359375 0.1298828125
0 0.138916015625 0.781005859375 0.04248046875 0.03564453125
0 0.18359375 0.66455078125 0.0322265625 0.0390625
0 0.286865234375 0.61181640625 0.02294921875 0.0341796875
0 0.261962890625 0.617919921875 0.03662109375 0.03759765625
0 0.2509765625 0.598388671875 0.0302734375 0.02978515625
0 0.2958984375 0.72265625 0.05859375 0.0693359375
0 0.332763671875 0.687255859375 0.04150390625 0.04736328125
0 0.298583984375 0.794921875 0.03955078125 0.04296875
0 0.3359375 0.802734375 0.0390625 0.0634765625
0 0.40576171875 0.675537109375 0.080078125 0.07080078125
0 0.534912109375 0.773193359375 0.03662109375 0.04248046875
0 0.5224609375 0.690673828125 0.0458984375 0.05126953125
0 0.47216796875 0.63671875 0.06640625 0.0439453125
0 0.791748046875 0.8779296875 0.08837890625 0.0888671875
0 0.67236328125 0.88232421875 0.0537109375 0.041015625
0 0.66015625 0.9130859375 0.0458984375 0.0361328125
0 0.625732421875 0.89892578125 0.05419921875 0.0478515625
0 0.648681640625 0.867431640625 0.03857421875 0.02978515625
0 0.607666015625 0.939453125 0.01806640625 0.0322265625
0 0.166015625 0.92578125 0.0830078125 0.0712890625
0 0.33544921875 0.966552734375 0.06640625 0.06005859375
0 0.3740234375 0.899169921875 0.0537109375 0.09814453125
0 0.386962890625 0.94873046875 0.04833984375 0.06640625
0 0.33642578125 0.907470703125 0.095703125 0.06884765625
0 0.34375 0.855224609375 0.0478515625 0.05419921875
0 0.311279296875 0.850341796875 0.04345703125 0.04931640625
0 0.2734375 0.834228515625 0.060546875 0.03662109375
0 0.4306640625 0.8466796875 0.0576171875 0.0361328125
0 0.447998046875 0.887451171875 0.07666015625 0.06787109375
0 0.009033203125 0.9375 0.01806640625 0.0498046875
0 0.175537109375 0.85302734375 0.07275390625 0.087890625
0 0.12158203125 0.8916015625 0.0654296875 0.0791015625
0 0.60986328125 0.7470703125 0.05859375 0.0546875
0 0.580322265625 0.73583984375 0.02490234375 0.0791015625
0 0.54541015625 0.794921875 0.0693359375 0.056640625
0 0.58837890625 0.322998046875 0.1650390625 0.13232421875
0 0.5322265625 0.373779296875 0.048828125 0.05322265625
0 0.02197265625 0.03369140625 0.0439453125 0.0673828125
0 0.052978515625 0.081787109375 0.04150390625 0.07568359375
0 0.13427734375 0.035400390625 0.0751953125 0.07080078125
0 0.29248046875 0.027587890625 0.0537109375 0.05517578125
0 0.06298828125 0.2646484375 0.0625 0.05078125
0 0.1376953125 0.262451171875 0.0751953125 0.07861328125
0 0.385009765625 0.149169921875 0.07177734375 0.08056640625
0 0.346923828125 0.015869140625 0.05126953125 0.03173828125
0 0.522216796875 0.16650390625 0.06201171875 0.0732421875
0 0.655029296875 0.182861328125 0.08544921875 0.09716796875
0 0.64501953125 0.26904296875 0.06640625 0.0771484375
0 0.615966796875 0.22998046875 0.06396484375 0.0556640625
0 0.678466796875 0.054931640625 0.09033203125 0.06298828125
0 0.877197265625 0.056396484375 0.08154296875 0.08154296875
0 0.767822265625 0.0419921875 0.07763671875 0.068359375
0 0.93505859375 0.020751953125 0.087890625 0.04150390625
0 0.97119140625 0.11083984375 0.056640625 0.0537109375
0 0.978759765625 0.155029296875 0.04150390625 0.05419921875
0 0.99072265625 0.29931640625 0.017578125 0.05859375
0 0.95263671875 0.312744140625 0.0732421875 0.07568359375
0 0.951904296875 0.364501953125 0.04345703125 0.03369140625
0 0.77197265625 0.376220703125 0.0380859375 0.03662109375
0 0.793701171875 0.446533203125 0.06396484375 0.06396484375
0 0.7607421875 0.576171875 0.080078125 0.078125
0 0.9580078125 0.60009765625 0.0830078125 0.0791015625
0 0.85888671875 0.6162109375 0.0908203125 0.068359375
0 0.857421875 0.738525390625 0.0576171875 0.05419921875
0 0.974609375 0.78125 0.0498046875 0.0654296875
0 0.57080078125 0.646240234375 0.0712890625 0.04736328125
0 0.633544921875 0.705810546875 0.02490234375 0.03271484375
0 0.55126953125 0.608642578125 0.083984375 0.06884765625
0 0.662841796875 0.571533203125 0.04833984375 0.05615234375
0 0.158203125 0.35107421875 0.060546875 0.0712890625
0 0.225830078125 0.35400390625 0.07177734375 0.0673828125
0 0.208984375 0.30322265625 0.0986328125 0.0693359375
0 0.087158203125 0.28955078125 0.06396484375 0.0625
0 0.088134765625 0.357666015625 0.07080078125 0.08837890625
0 0.3369140625 0.329345703125 0.03515625 0.04248046875
0 0.35546875 0.295654296875 0.0576171875 0.04736328125
0 0.444580078125 0.2431640625 0.07763671875 0.0703125
0 0.423828125 0.32470703125 0.0390625 0.04296875
0 0.28466796875 0.465576171875 0.07421875 0.05419921875
0 0.3466796875 0.384521484375 0.0654296875 0.06591796875
0 0.421875 0.39208984375 0.044921875 0.0439453125
0 0.365478515625 0.4501953125 0.06689453125 0.06640625
0 0.55322265625 0.375 0.046875 0.0498046875
0 0.4033203125 0.517578125 0.0556640625 0.0703125
0 0.3017578125 0.54052734375 0.1015625 0.095703125
0 0.190673828125 0.42138671875 0.06982421875 0.052734375
0 0.277587890625 0.424072265625 0.05810546875 0.04736328125
0 0.099853515625 0.51416015625 0.03955078125 0.041015625
0 0.171142578125 0.5634765625 0.07373046875 0.0712890625
0 0.217041015625 0.556396484375 0.05615234375 0.04833984375
0 0.2236328125 0.681640625 0.0556640625 0.072265625
0 0.2734375 0.584716796875 0.037109375 0.03271484375
0 0.35205078125 0.740966796875 0.0673828125 0.07080078125
0 0.394775390625 0.72412109375 0.05908203125 0.044921875
0 0.465087890625 0.6904296875 0.05517578125 0.056640625
0 0.70849609375 0.947265625 0.0625 0.05859375
0 0.820556640625 0.960693359375 0.10302734375 0.07763671875
0 0.908935546875 0.91259765625 0.10693359375 0.1015625
0 0.958740234375 0.9736328125 0.04931640625 0.0517578125
0 0.949951171875 0.931884765625 0.07177734375 0.05908203125
0 0.8359375 0.850830078125 0.0390625 0.04052734375
0 0.8486328125 0.888427734375 0.0302734375 0.04638671875
0 0.699462890625 0.865234375 0.06298828125 0.0498046875
0 0.638671875 0.95751953125 0.080078125 0.0703125
0 0.54248046875 0.927490234375 0.052734375 0.05419921875
0 0.035400390625 0.970458984375 0.07080078125 0.05810546875
0 0.06640625 0.926025390625 0.076171875 0.08251953125
0 0.06201171875 0.84033203125 0.0625 0.083984375
0 0.27001953125 0.76123046875 0.0478515625 0.0498046875
0 0.498779296875 0.979248046875 0.07177734375 0.04052734375
0 0.500732421875 0.92333984375 0.05517578125 0.068359375
0 0.5078125 0.855712890625 0.06640625 0.07666015625
0 0.603759765625 0.820068359375 0.05908203125 0.06689453125
0 0.55419921875 0.752197265625 0.033203125 0.06201171875
0 0.4619140625 0.753173828125 0.048828125 0.06494140625
0 0.406982421875 0.761962890625 0.03173828125 0.04638671875
0 0.413818359375 0.798583984375 0.03759765625 0.04736328125
0 0.378173828125 0.800537109375 0.04736328125 0.06103515625
0 0.576171875 0.123779296875 0.0625 0.07763671875
0 0.2158203125 0.250732421875 0.0439453125 0.04443359375
0 0.587646484375 0.185791015625 0.07958984375 0.10791015625
0 0.53173828125 0.252685546875 0.0771484375 0.08154296875
0 0.82275390625 0.134033203125 0.0810546875 0.06884765625
0 0.765869140625 0.26953125 0.05029296875 0.068359375
0 0.87255859375 0.262939453125 0.0517578125 0.06396484375
0 0.85595703125 0.403076171875 0.076171875 0.07080078125
0 0.95068359375 0.4697265625 0.0771484375 0.0849609375
0 0.591552734375 0.379638671875 0.03271484375 0.05615234375
0 0.784423828125 0.514892578125 0.07373046875 0.06201171875
0 0.89404296875 0.57568359375 0.080078125 0.0732421875
0 0.8779296875 0.7802734375 0.0703125 0.0703125
0 0.860107421875 0.77783203125 0.02978515625 0.0341796875
0 0.724853515625 0.77978515625 0.06689453125 0.107421875
0 0.902587890625 0.828125 0.06103515625 0.056640625
0 0.593017578125 0.595458984375 0.05615234375 0.05419921875
0 0.297607421875 0.35791015625 0.06103515625 0.05859375
0 0.43798828125 0.45166015625 0.0849609375 0.05859375
0 0.152587890625 0.4697265625 0.09619140625 0.0908203125
0 0.0361328125 0.414794921875 0.072265625 0.10400390625
0 0.037109375 0.64013671875 0.07421875 0.0966796875
0 0.03515625 0.74169921875 0.0703125 0.087890625
0 0.272216796875 0.674560546875 0.07373046875 0.09912109375
0 0.5693359375 0.968994140625 0.083984375 0.06103515625
0 0.226806640625 0.981689453125 0.08056640625 0.03564453125
0 0.13720703125 0.984375 0.072265625 0.0302734375
0 0.66064453125 0.797607421875 0.068359375 0.07275390625
0 0.51025390625 0.748046875 0.0537109375 0.0693359375
0 0.472412109375 0.8037109375 0.05517578125 0.0517578125
