0 0.27099609375 0.115234375 0.083984375 0.0986328125
0 0.184326171875 0.12744140625 0.08544921875 0.078125
0 0.224365234375 0.21240234375 0.09814453125 0.0986328125
0 0.10595703125 0.292724609375 0.072265625 0.09619140625
0 0.316650390625 0.291015625 0.07763671875 0.0751953125
0 0.253173828125 0.37255859375 0.13818359375 0.1044921875
0 0.2099609375 0.3310546875 0.0830078125 0.0693359375
0 0.04931640625 0.37841796875 0.0927734375 0.0751953125
0 0.0751953125 0.488037109375 0.0458984375 0.06103515625
0 0.139404296875 0.642333984375 0.06103515625 0.08251953125
0 0.02783203125 0.662353515625 0.0556640625 0.06201171875
0 0.10498046875 0.785400390625 0.064453125 0.06201171875
0 0.17236328125 0.801025390625 0.091796875 0.06982421875
0 0.129638671875 0.861083984375 0.09619140625 0.10205078125
0 0.09912109375 0.941650390625 0.083984375 0.08447265625
0 0.160400390625 0.9521484375 0.06005859375 0.0947265625
0 0.203369140625 0.889892578125 0.05419921875 0.06005859375
0 0.233642578125 0.927978515625 0.09716796875 0.08935546875
0 0.228515625 0.9755859375 0.044921875 0.037109375
0 0.177978515625 0.511474609375 0.07470703125 0.07080078125
0 0.3056640625 0.50244140625 0.0498046875 0.0693359375
0 0.30517578125 0.617431640625 0.076171875 0.06787109375
0 0.310546875 0.884033203125 0.06640625 0.04345703125
0 0.273193359375 0.797119140625 0.10986328125 0.08447265625
0 0.2568359375 0.728271484375 0.1025390625 0.10107421875
0 0.48681640625 0.72607421875 0.0859375 0.0712890625
0 0.409423828125 0.447265625 0.09521484375 0.076171875
0 0.418212890625 0.368896484375 0.11669921875 0.10302734375
0 0.338623046875 0.3447265625 0.10595703125 0.0537109375
0 0.484619140625 0.07177734375 0.06396484375 0.064453125
0 0.53759765625 0.193603515625 0.041015625 0.05224609375
0 0.5732421875 0.221923828125 0.056640625 0.07080078125
0 0.6005859375 0.0830078125 0.0732421875 0.1123046875
0 0.89013671875 0.05419921875 0.041015625 0.0498046875
0 0.842529296875 0.163330078125 0.09619140625 0.04150390625
0 0.755859375 0.193603515625 0.09375 0.05517578125
0 0.932861328125 0.2236328125 0.07958984375 0.0732421875
0 0.87939453125 0.260498046875 0.1015625 0.08154296875
0 0.9208984375 0.37255859375 0.060546875 0.0615234375
0 0.772216796875 0.292724609375 0.10986328125 0.13427734375
0 0.794189453125 0.427490234375 0.09912109375 0.09814453125
0 0.52734375 0.47802734375 0.0908203125 0.0830078125
0 0.67919921875 0.61962890625 0.0830078125 0.0771484375
0 0.744384765625 0.668701171875 0.08056640625 0.08251953125
0 0.35107421875 0.67041015625 0.041015625 0.0458984375
0 0.490478515625 0.765380859375 0.04052734375 0.03369140625
0 0.66162109375 0.762451171875 0.0595703125 0.04443359375
0 0.695068359375 0.769775390625 0.05126953125 0.05322265625
0 0.46826171875 0.911865234375 0.083984375 0.06494140625
0 0.641357421875 0.9404296875 0.06494140625 0.064453125
0 0.47021484375 0.967041015625 0.0390625 0.04833984375
0 0.84765625 0.917236328125 0.09765625 0.13427734375
0 0.86865234375 0.9404296875 0.05859375 0.0849609375
0 0.9013671875 0.97021484375 0.060546875 0.05859375
0 0.877197265625 0.842041015625 0.08349609375 0.06005859375
0 0.9365234375 0.740234375 0.0751953125 0.080078125
0 0.975830078125 0.645263671875 0.04736328125 0.11376953125
0 0.849853515625 0.694580078125 0.08642578125 0.08154296875
0 0.92919921875 0.488037109375 0.0732421875 0.06201171875
0 0.97802734375 0.488037109375 0.04296875 0.08447265625
0 0.782958984375 0.9091796875 0.07275390625 0.0947265625
0 0.05419921875 0.030029296875 0.107421875 0.06005859375
0 0.120849609375 0.049072265625 0.09326171875 0.08056640625
0 0.1435546875 0.200439453125 0.0830078125 0.10498046875
0 0.25244140625 0.1484375 0.064453125 0.0888671875
0 0.353759765625 0.260009765625 0.07080078125 0.09228515625
0 0.10888671875 0.322265625 0.1611328125 0.1513671875
0 0.300537109375 0.4462890625 0.06884765625 0.048828125
0 0.091796875 0.4169921875 0.07421875 0.1044921875
0 0.01416015625 0.4501953125 0.0283203125 0.0478515625
0 0.122314453125 0.5439453125 0.09033203125 0.154296875
0 0.098876953125 0.656005859375 0.08544921875 0.09033203125
0 0.042724609375 0.708740234375 0.07958984375 0.09814453125
0 0.162353515625 0.708984375 0.07763671875 0.0859375
0 0.02783203125 0.77294921875 0.0556640625 0.044921875
0 0.06787109375 0.760498046875 0.0556640625 0.05712890625
0 0.110107421875 0.727783203125 0.04638671875 0.06201171875
0 0.160400390625 0.854736328125 0.04052734375 0.04638671875
0 0.045166015625 0.856689453125 0.08935546875 0.09326171875
0 0.039794921875 0.961669921875 0.07958984375 0.07568359375
0 0.177734375 0.98486328125 0.04296875 0.029296875
0 0.331298828125 0.932373046875 0.11865234375 0.10400390625
0 0.433837890625 0.946044921875 0.05419921875 0.06396484375
0 0.172119140625 0.560302734375 0.09228515625 0.07275390625
0 0.241943359375 0.63330078125 0.05126953125 0.0732421875
0 0.19775390625 0.632568359375 0.056640625 0.08740234375
0 0.259033203125 0.8515625 0.12548828125 0.087890625
0 0.33447265625 0.81494140625 0.05078125 0.06640625
0 0.43798828125 0.689208984375 0.0986328125 0.08349609375
0 0.3115234375 0.56689453125 0.078125 0.0927734375
0 0.393798828125 0.508544921875 0.09521484375 0.07958984375
0 0.5009765625 0.362548828125 0.095703125 0.08251953125
0 0.40087890625 0.283203125 0.134765625 0.1171875
0 0.51318359375 0.2412109375 0.1064453125 0.0947265625
0 0.3056640625 0.064453125 0.1005859375 0.103515625
0 0.41748046875 0.057373046875 0.0537109375 0.06201171875
0 0.478271484375 0.029296875 0.08935546875 0.05859375
0 0.396484375 0.021728515625 0.0986328125 0.04345703125
0 0.474365234375 0.172119140625 0.09228515625 0.11572265625
0 0.64599609375 0.15869140625 0.0966796875 0.0859375
0 0.961669921875 0.15673828125 0.06787109375 0.080078125
0 0.879150390625 0.123291015625 0.05908203125 0.09326171875
0 0.853759765625 0.20849609375 0.09130859375 0.0732421875
0 0.957275390625 0.261474609375 0.06201171875 0.06005859375
0 0.952392578125 0.3173828125 0.09423828125 0.0810546875
0 0.90625 0.42578125 0.1025390625 0.0771484375
0 0.64013671875 0.299560546875 0.09765625 0.09228515625
0 0.682861328125 0.354248046875 0.08154296875 0.07568359375
0 0.64453125 0.432373046875 0.111328125 0.11181640625
0 0.59375 0.492431640625 0.099609375 0.09521484375
0 0.53515625 0.43212890625 0.1142578125 0.0771484375
0 0.682861328125 0.562255859375 0.06689453125 0.06884765625
0 0.720947265625 0.534912109375 0.06005859375 0.08251953125
0 0.777099609375 0.5107421875 0.09033203125 0.126953125
0 0.3740234375 0.61328125 0.091796875 0.10546875
0 0.39453125 0.5556640625 0.09375 0.0595703125
0 0.691650390625 0.701416015625 0.08349609375 0.09619140625
0 0.75927734375 0.84228515625 0.0361328125 0.041015625
0 0.759521484375 0.952392578125 0.07568359375 0.05810546875
0 0.921142578125 0.92138671875 0.06689453125 0.0654296875
0 0.963134765625 0.717041015625 0.04443359375 0.06689453125
0 0.926025390625 0.627197265625 0.06396484375 0.06982421875
0 0.941650390625 0.530029296875 0.04052734375 0.02587890625
0 0.565673828125 0.39453125 0.05517578125 0.0712890625
0 0.597412109375 0.367919921875 0.06103515625 0.09619140625
0 0.10791015625 0.10009765625 0.0595703125 0.0703125
0 0.029296875 0.060546875 0.05859375 0.0849609375
0 0.032958984375 0.124267578125 0.04833984375 0.06689453125
0 0.05322265625 0.172607421875 0.064453125 0.06884765625
0 0.123046875 0.1484375 0.08984375 0.126953125
0 0.081787109375 0.217041015625 0.06103515625 0.06591796875
0 0.188720703125 0.160888671875 0.03662109375 0.03564453125
0 0.015380859375 0.214111328125 0.03076171875 0.03857421875
0 0.170166015625 0.295166015625 0.07177734375 0.10498046875
0 0.248046875 0.28662109375 0.091796875 0.07421875
0 0.297119140625 0.203857421875 0.07568359375 0.07275390625
0 0.040771484375 0.333984375 0.05615234375 0.060546875
0 0.23828125 0.404296875 0.1025390625 0.0546875
0 0.21923828125 0.431396484375 0.1005859375 0.08251953125
0 0.135009765625 0.427001953125 0.08251953125 0.08935546875
0 0.049560546875 0.458251953125 0.06298828125 0.09130859375
0 0.052001953125 0.529052734375 0.09326171875 0.08056640625
0 0.041015625 0.610107421875 0.08203125 0.09326171875
0 0.138671875 0.588623046875 0.0537109375 0.04931640625
0 0.0810546875 0.71728515625 0.0498046875 0.0419921875
0 0.03173828125 0.8056640625 0.0634765625 0.0439453125
0 0.163330078125 0.761474609375 0.08349609375 0.04150390625
0 0.195068359375 0.951416015625 0.03466796875 0.04443359375
0 0.189208984375 0.85400390625 0.02099609375 0.0361328125
0 0.212890625 0.985107421875 0.0322265625 0.02880859375
0 0.2783203125 0.976806640625 0.0625 0.04541015625
0 0.357666015625 0.9775390625 0.03662109375 0.0439453125
0 0.37109375 0.945068359375 0.0380859375 0.03271484375
0 0.28173828125 0.9091796875 0.041015625 0.04296875
0 0.401611328125 0.913330078125 0.03466796875 0.03662109375
0 0.250244140625 0.56298828125 0.08642578125 0.0888671875
0 0.353271484375 0.489013671875 0.06201171875 0.07080078125
0 0.22265625 0.722900390625 0.0625 0.08154296875
0 0.26513671875 0.66259765625 0.03125 0.03515625
0 0.27587890625 0.858154296875 0.033203125 0.03857421875
0 0.3955078125 0.83837890625 0.09765625 0.1181640625
0 0.356689453125 0.774658203125 0.04443359375 0.05029296875
0 0.319580078125 0.745361328125 0.03466796875 0.03662109375
0 0.359375 0.7294921875 0.048828125 0.05078125
0 0.298583984375 0.723876953125 0.04541015625 0.02978515625
0 0.318603515625 0.70263671875 0.04638671875 0.037109375
0 0.39599609375 0.762451171875 0.046875 0.03857421875
0 0.458984375 0.7880859375 0.078125 0.05859375
0 0.306396484375 0.6611328125 0.06298828125 0.0615234375
0 0.198974609375 0.677978515625 0.02783203125 0.02685546875
0 0.369873046875 0.688720703125 0.06494140625 0.06689453125
0 0.523681640625 0.685791015625 0.07958984375 0.06689453125
0 0.26318359375 0.489013671875 0.068359375 0.07275390625
0 0.343994140625 0.384521484375 0.04833984375 0.04052734375
0 0.38525390625 0.374267578125 0.041015625 0.04052734375
0 0.333251953125 0.406494140625 0.03662109375 0.03369140625
0 0.34814453125 0.428466796875 0.0703125 0.05615234375
0 0.397216796875 0.34228515625 0.04736328125 0.0595703125
0 0.487060546875 0.27490234375 0.07861328125 0.0966796875
0 0.373291015625 0.149169921875 0.12646484375 0.14599609375
0 0.183349609375 0.045654296875 0.05517578125 0.05322265625
0 0.2451171875 0.0283203125 0.078125 0.0546875
0 0.3671875 0.0498046875 0.0595703125 0.076171875
0 0.442626953125 0.089111328125 0.04736328125 0.08056640625
0 0.51416015625 0.09130859375 0.0400390625 0.0341796875
0 0.493408203125 0.124755859375 0.06396484375 0.06005859375
0 0.57568359375 0.06103515625 0.0498046875 0.0673828125
0 0.309326171875 0.245361328125 0.03857421875 0.03173828125
0 0.5302734375 0.156494140625 0.044921875 0.03564453125
0 0.584228515625 0.164306640625 0.05029296875 0.06005859375
0 0.55712890625 0.084716796875 0.044921875 0.05224609375
0 0.671142578125 0.08203125 0.07763671875 0.1015625
0 0.7275390625 0.05419921875 0.095703125 0.0888671875
0 0.650634765625 0.016845703125 0.05615234375 0.03369140625
0 0.868896484375 0.078125 0.04150390625 0.05859375
0 0.818115234375 0.08349609375 0.08251953125 0.0634765625
0 0.950439453125 0.04833984375 0.04052734375 0.0615234375
0 0.930908203125 0.1171875 0.07568359375 0.0791015625
0 0.84423828125 0.135009765625 0.029296875 0.03173828125
0 0.814697265625 0.1416015625 0.03466796875 0.037109375
0 0.752685546875 0.144287109375 0.06298828125 0.05029296875
0 0.7861328125 0.105712890625 0.05078125 0.04638671875
0 0.802734375 0.19970703125 0.0263671875 0.0380859375
0 0.91455078125 0.175537109375 0.046875 0.04638671875
0 0.794677734375 0.25244140625 0.07861328125 0.078125
0 0.967529296875 0.38818359375 0.06396484375 0.06640625
0 0.892822265625 0.31494140625 0.03076171875 0.029296875
0 0.7392578125 0.342529296875 0.048828125 0.05029296875
0 0.7060546875 0.301025390625 0.0791015625 0.06103515625
0 0.635498046875 0.232177734375 0.08251953125 0.07275390625
0 0.584716796875 0.2822265625 0.04150390625 0.072265625
0 0.68701171875 0.24072265625 0.0849609375 0.0771484375
0 0.5498046875 0.30859375 0.05859375 0.064453125
0 0.743896484375 0.419189453125 0.04541015625 0.06005859375
0 0.53662109375 0.468994140625 0.0546875 0.04443359375
0 0.4619140625 0.4599609375 0.0576171875 0.0927734375
0 0.60888671875 0.5673828125 0.09765625 0.0849609375
0 0.665771484375 0.653564453125 0.03662109375 0.03271484375
0 0.508056640625 0.549072265625 0.12060546875 0.14111328125
0 0.45458984375 0.629638671875 0.0986328125 0.08447265625
0 0.36083984375 0.649169921875 0.03125 0.03759765625
0 0.387451171875 0.5947265625 0.02783203125 0.0283203125
0 0.4189453125 0.591064453125 0.0478515625 0.04052734375
0 0.608154296875 0.70166015625 0.06884765625 0.0517578125
0 0.557373046875 0.747314453125 0.07275390625 0.07470703125
0 0.740478515625 0.758544921875 0.05615234375 0.08154296875
0 0.75830078125 0.7373046875 0.06640625 0.064453125
0 0.488037109375 0.87060546875 0.11279296875 0.095703125
0 0.54248046875 0.81982421875 0.0771484375 0.087890625
0 0.591064453125 0.87939453125 0.10888671875 0.0888671875
0 0.642578125 0.857666015625 0.08984375 0.05908203125
0 0.650146484375 0.901611328125 0.03759765625 0.03466796875
0 0.708984375 0.882568359375 0.0703125 0.10595703125
0 0.690673828125 0.911865234375 0.06494140625 0.05517578125
0 0.716064453125 0.803466796875 0.06787109375 0.05322265625
0 0.5595703125 0.9580078125 0.0810546875 0.0615234375
0 0.444091796875 0.987548828125 0.02197265625 0.02392578125
0 0.669677734375 0.974853515625 0.08349609375 0.04931640625
0 0.696533203125 0.951171875 0.05615234375 0.0361328125
0 0.97509765625 0.95556640625 0.048828125 0.087890625
0 0.905029296875 0.848876953125 0.05126953125 0.06201171875
0 0.935791015625 0.869384765625 0.08154296875 0.09521484375
0 0.96240234375 0.841796875 0.07421875 0.076171875
0 0.90966796875 0.782958984375 0.06640625 0.07958984375
0 0.83544921875 0.729736328125 0.037109375 0.03076171875
0 0.800048828125 0.724853515625 0.04248046875 0.06201171875
0 0.8779296875 0.7314453125 0.0478515625 0.05078125
0 0.966796875 0.783203125 0.0654296875 0.0673828125
0 0.92626953125 0.687255859375 0.0869140625 0.06494140625
0 0.80029296875 0.65771484375 0.0751953125 0.08203125
0 0.869384765625 0.63818359375 0.08935546875 0.060546875
0 0.796630859375 0.60205078125 0.02978515625 0.0341796875
0 0.81884765625 0.5810546875 0.08984375 0.0849609375
0 0.881103515625 0.55810546875 0.09228515625 0.09765625
0 0.8408203125 0.52197265625 0.0595703125 0.05078125
0 0.92138671875 0.548095703125 0.0390625 0.03466796875
0 0.955810546875 0.554443359375 0.06103515625 0.04736328125
0 0.947998046875 0.611572265625 0.04736328125 0.05810546875
0 0.84912109375 0.449462890625 0.0390625 0.03466796875
0 0.880859375 0.491943359375 0.107421875 0.09814453125
