0 0.925048828125 0.1640625 0.06591796875 0.0537109375
0 0.845458984375 0.373291015625 0.05810546875 0.05908203125
0 0.955810546875 0.419677734375 0.05322265625 0.05029296875
0 0.8173828125 0.4775390625 0.0498046875 0.0439453125
0 0.305908203125 0.545654296875 0.06396484375 0.06689453125
0 0.20458984375 0.464599609375 0.0537109375 0.04248046875
0 0.268310546875 0.56982421875 0.07080078125 0.083984375
0 0.181884765625 0.81591796875 0.05908203125 0.0595703125
0 0.74462890625 0.689697265625 0.05078125 0.07958984375
0 0.42138671875 0.87255859375 0.056640625 0.0625
0 0.243896484375 0.315185546875 0.03369140625 0.03369140625
0 0.212158203125 0.3232421875 0.05810546875 0.052734375
0 0.428466796875 0.168212890625 0.04931640625 0.04541015625
0 0.2265625 0.090087890625 0.0302734375 0.03466796875
0 0.262939453125 0.12353515625 0.05419921875 0.037109375
0 0.361572265625 0.120849609375 0.03466796875 0.04443359375
0 0.341064453125 0.108642578125 0.03564453125 0.04541015625
0 0.0810546875 0.173828125 0.0439453125 0.0517578125
0 0.087158203125 0.35205078125 0.03076171875 0.03515625
0 0.01806640625 0.494384765625 0.0361328125 0.06298828125
0 0.8251953125 0.717529296875 0.037109375 0.04150390625
0 0.655029296875 0.083984375 0.05517578125 0.0458984375
0 0.721435546875 0.10302734375 0.07080078125 0.048828125
0 0.861083984375 0.10986328125 0.04052734375 0.0361328125
0 0.693115234375 0.260986328125 0.06884765625 0.05810546875
0 0.517333984375 0.33154296875 0.02880859375 0.037109375
0 0.529052734375 0.3681640625 0.03955078125 0.037109375
0 0.739501953125 0.364013671875 0.04345703125 0.06591796875
0 0.780029296875 0.359375 0.04833984375 0.0537109375
0 0.86474609375 0.32470703125 0.0478515625 0.056640625
0 0.969482421875 0.462646484375 0.05615234375 0.03662109375
0 0.5966796875 0.42578125 0.0791015625 0.0859375
0 0.72509765625 0.31982421875 0.0498046875 0.0546875
0 0.952392578125 0.515869140625 0.06201171875 0.07373046875
0 0.90087890625 0.498291015625 0.046875 0.05126953125
0 0.70947265625 0.5283203125 0.0625 0.0400390625
0 0.654296875 0.548583984375 0.0576171875 0.03271484375
0 0.6669921875 0.633544921875 0.0927734375 0.05908203125
0 0.4580078125 0.53564453125 0.0576171875 0.0556640625
0 0.442138671875 0.42578125 0.04345703125 0.0478515625
0 0.476318359375 0.449462890625 0.04345703125 0.03564453125
0 0.14111328125 0.459228515625 0.056640625 0.05322265625
0 0.296630859375 0.60302734375 0.05517578125 0.0537109375
0 0.158203125 0.764892578125 0.076171875 0.08837890625
0 0.201416015625 0.6923828125 0.06787109375 0.0791015625
0 0.280029296875 0.666748046875 0.03173828125 0.06103515625
0 0.596435546875 0.647705078125 0.05908203125 0.06298828125
0 0.60595703125 0.705810546875 0.0361328125 0.04345703125
0 0.865966796875 0.763427734375 0.07177734375 0.09521484375
0 0.892578125 0.90771484375 0.0654296875 0.0830078125
0 0.632080078125 0.88427734375 0.03271484375 0.0419921875
0 0.628173828125 0.8291015625 0.03076171875 0.0439453125
0 0.559814453125 0.5869140625 0.08935546875 0.0732421875
0 0.511962890625 0.531494140625 0.04150390625 0.04638671875
0 0.547119140625 0.52099609375 0.05029296875 0.0517578125
0 0.4814453125 0.385498046875 0.0849609375 0.09716796875
0 0.276611328125 0.3134765625 0.03662109375 0.0380859375
0 0.469482421875 0.28369140625 0.04541015625 0.0615234375
0 0.258056640625 0.360107421875 0.05419921875 0.03955078125
0 0.37451171875 0.29736328125 0.0859375 0.0849609375
0 0.403076171875 0.21435546875 0.10888671875 0.0947265625
0 0.299072265625 0.093017578125 0.04931640625 0.05517578125
0 0.27392578125 0.0380859375 0.076171875 0.076171875
0 0.080810546875 0.031005859375 0.05908203125 0.06201171875
0 0.0419921875 0.1669921875 0.04296875 0.0576171875
0 0.3154296875 0.41748046875 0.0380859375 0.0537109375
0 0.052490234375 0.430419921875 0.10498046875 0.08642578125
0 0.02490234375 0.54345703125 0.0458984375 0.0478515625
0 0.865966796875 0.653564453125 0.04541015625 0.06201171875
0 0.916748046875 0.657958984375 0.06689453125 0.10791015625
0 0.77978515625 0.752685546875 0.0322265625 0.04345703125
0 0.744873046875 0.778564453125 0.04345703125 0.04638671875
0 0.54296875 0.2138671875 0.0615234375 0.060546875
0 0.621337890625 0.11083984375 0.09326171875 0.0849609375
0 0.75048828125 0.151611328125 0.0966796875 0.06884765625
0 0.9140625 0.22705078125 0.078125 0.0615234375
0 0.9658203125 0.054443359375 0.06640625 0.05419921875
0 0.80126953125 0.204833984375 0.078125 0.07958984375
0 0.51953125 0.23193359375 0.0576171875 0.0693359375
0 0.67529296875 0.237548828125 0.0361328125 0.04150390625
0 0.634033203125 0.330810546875 0.06689453125 0.09814453125
0 0.566650390625 0.36279296875 0.04345703125 0.052734375
0 0.757568359375 0.502197265625 0.05224609375 0.04150390625
0 0.663330078125 0.464111328125 0.03759765625 0.04150390625
0 0.656005859375 0.41796875 0.05810546875 0.0546875
0 0.684814453125 0.35888671875 0.05712890625 0.0478515625
0 0.766845703125 0.315673828125 0.04736328125 0.06884765625
0 0.895751953125 0.544677734375 0.05322265625 0.04833984375
0 0.976318359375 0.549560546875 0.04541015625 0.07958984375
0 0.697509765625 0.483642578125 0.04638671875 0.04736328125
0 0.592529296875 0.514404296875 0.05615234375 0.10498046875
0 0.607177734375 0.5126953125 0.03271484375 0.03125
0 0.71142578125 0.56005859375 0.052734375 0.03125
0 0.770751953125 0.580810546875 0.09326171875 0.06591796875
0 0.69873046875 0.591552734375 0.0380859375 0.05419921875
0 0.404052734375 0.40283203125 0.04541015625 0.0400390625
0 0.458984375 0.491455078125 0.06640625 0.04150390625
0 0.376953125 0.592041015625 0.0537109375 0.05322265625
0 0.448974609375 0.603759765625 0.09619140625 0.07470703125
0 0.15380859375 0.58740234375 0.0771484375 0.0751953125
0 0.230712890625 0.637939453125 0.08740234375 0.05126953125
0 0.428466796875 0.687255859375 0.05126953125 0.05029296875
0 0.287109375 0.732421875 0.078125 0.0712890625
0 0.318603515625 0.673095703125 0.07177734375 0.07861328125
0 0.362060546875 0.685791015625 0.06591796875 0.07275390625
0 0.472900390625 0.889892578125 0.05224609375 0.06884765625
0 0.52197265625 0.881591796875 0.07421875 0.12451171875
0 0.640380859375 0.686279296875 0.05322265625 0.06298828125
0 0.5068359375 0.66552734375 0.0625 0.064453125
0 0.5595703125 0.713623046875 0.080078125 0.10302734375
0 0.510498046875 0.77294921875 0.06494140625 0.0703125
0 0.655517578125 0.7763671875 0.08544921875 0.0986328125
0 0.814697265625 0.7490234375 0.04833984375 0.0498046875
0 0.921142578125 0.885986328125 0.05126953125 0.05419921875
0 0.442626953125 0.795654296875 0.05810546875 0.05322265625
0 0.356201171875 0.806884765625 0.05615234375 0.04052734375
0 0.52197265625 0.48095703125 0.0400390625 0.044921875
0 0.42431640625 0.264892578125 0.0498046875 0.04833984375
0 0.25244140625 0.406982421875 0.037109375 0.04638671875
0 0.24755859375 0.142333984375 0.0419921875 0.03857421875
0 0.2646484375 0.197998046875 0.033203125 0.04443359375
0 0.332763671875 0.133544921875 0.04150390625 0.04443359375
0 0.338134765625 0.189453125 0.03271484375 0.0439453125
0 0.17919921875 0.19384765625 0.0693359375 0.068359375
0 0.051513671875 0.12939453125 0.03369140625 0.03125
0 0.16015625 0.126708984375 0.1220703125 0.13232421875
0 0.081298828125 0.300537109375 0.16162109375 0.12255859375
0 0.049072265625 0.3427734375 0.03173828125 0.041015625
0 0.126708984375 0.378173828125 0.09521484375 0.06884765625
0 0.03515625 0.32421875 0.0703125 0.0478515625
0 0.289306640625 0.26806640625 0.06982421875 0.0791015625
0 0.23974609375 0.43896484375 0.1025390625 0.115234375
0 0.823486328125 0.63818359375 0.04443359375 0.0341796875
0 0.982177734375 0.32470703125 0.03466796875 0.0791015625
0 0.04541015625 0.065673828125 0.060546875 0.05029296875
0 0.1337890625 0.0185546875 0.041015625 0.037109375
0 0.216796875 0.15087890625 0.0576171875 0.0830078125
0 0.119384765625 0.07861328125 0.04248046875 0.03125
0 0.078857421875 0.107177734375 0.04345703125 0.04736328125
0 0.181884765625 0.038818359375 0.06884765625 0.06884765625
0 0.26953125 0.091064453125 0.03515625 0.03857421875
0 0.460205078125 0.07470703125 0.06494140625 0.0498046875
0 0.525390625 0.064453125 0.0673828125 0.068359375
0 0.470458984375 0.14013671875 0.06201171875 0.087890625
0 0.47802734375 0.22900390625 0.0615234375 0.06640625
0 0.560546875 0.0263671875 0.0673828125 0.0517578125
0 0.5341796875 0.14208984375 0.068359375 0.056640625
0 0.575927734375 0.18115234375 0.03955078125 0.0302734375
0 0.63623046875 0.033935546875 0.064453125 0.05810546875
0 0.693603515625 0.05029296875 0.05029296875 0.0556640625
0 0.966064453125 0.257568359375 0.06689453125 0.07958984375
0 0.9091796875 0.062744140625 0.0615234375 0.06103515625
0 0.80126953125 0.1005859375 0.0693359375 0.060546875
0 0.770263671875 0.075439453125 0.05810546875 0.06689453125
0 0.9375 0.10400390625 0.0693359375 0.072265625
0 0.9716796875 0.16845703125 0.0556640625 0.0830078125
0 0.985107421875 0.105712890625 0.02880859375 0.05712890625
0 0.557373046875 0.30810546875 0.12255859375 0.138671875
0 0.5439453125 0.402099609375 0.0361328125 0.03173828125
0 0.817138671875 0.31201171875 0.05615234375 0.068359375
0 0.719482421875 0.432861328125 0.06103515625 0.05322265625
0 0.7509765625 0.47021484375 0.0341796875 0.0380859375
0 0.7978515625 0.37548828125 0.103515625 0.1982421875
0 0.952880859375 0.375244140625 0.04443359375 0.04541015625
0 0.68017578125 0.39697265625 0.072265625 0.0458984375
0 0.84521484375 0.500244140625 0.068359375 0.08837890625
0 0.862548828125 0.56787109375 0.08935546875 0.0546875
0 0.766845703125 0.53515625 0.05224609375 0.033203125
0 0.789306640625 0.497802734375 0.04248046875 0.05029296875
0 0.751708984375 0.626220703125 0.04833984375 0.03369140625
0 0.550048828125 0.461181640625 0.03857421875 0.06494140625
0 0.40185546875 0.443359375 0.05078125 0.0498046875
0 0.3583984375 0.547119140625 0.052734375 0.04052734375
0 0.206298828125 0.521728515625 0.05517578125 0.06591796875
0 0.15283203125 0.51953125 0.0517578125 0.04296875
0 0.04052734375 0.56689453125 0.0810546875 0.13671875
0 0.137451171875 0.64697265625 0.06103515625 0.0546875
0 0.08154296875 0.65185546875 0.056640625 0.091796875
0 0.0712890625 0.74755859375 0.1142578125 0.109375
0 0.14599609375 0.692626953125 0.0498046875 0.05712890625
0 0.0322265625 0.672119140625 0.052734375 0.05517578125
0 0.257080078125 0.703369140625 0.05224609375 0.05908203125
0 0.50732421875 0.7119140625 0.052734375 0.0498046875
0 0.3037109375 0.76220703125 0.044921875 0.0419921875
0 0.360107421875 0.751953125 0.06884765625 0.0673828125
0 0.418212890625 0.72265625 0.05517578125 0.0400390625
0 0.313232421875 0.80322265625 0.05615234375 0.0595703125
0 0.384521484375 0.822265625 0.08447265625 0.1064453125
0 0.397216796875 0.9013671875 0.07666015625 0.048828125
0 0.457275390625 0.939697265625 0.08935546875 0.05712890625
0 0.666748046875 0.895751953125 0.29638671875 0.20751953125
0 0.7333984375 0.866943359375 0.06640625 0.07373046875
0 0.69384765625 0.841796875 0.06640625 0.0625
0 0.598876953125 0.841064453125 0.07568359375 0.06884765625
0 0.583984375 0.879638671875 0.0576171875 0.08154296875
0 0.58740234375 0.7841796875 0.0673828125 0.0634765625
0 0.7939453125 0.7119140625 0.03125 0.0390625
0 0.783935546875 0.65869140625 0.05322265625 0.07421875
0 0.708984375 0.761962890625 0.0634765625 0.09326171875
0 0.84375 0.764892578125 0.0595703125 0.08642578125
0 0.877197265625 0.833984375 0.08935546875 0.0703125
0 0.8916015625 0.757080078125 0.02734375 0.02880859375
0 0.422607421875 0.654541015625 0.08154296875 0.04638671875
0 0.404052734375 0.51318359375 0.05126953125 0.0673828125
0 0.3701171875 0.379638671875 0.0810546875 0.07568359375
0 0.340576171875 0.340576171875 0.05517578125 0.04931640625
0 0.43115234375 0.31591796875 0.048828125 0.0576171875
0 0.210205078125 0.307861328125 0.09228515625 0.18896484375
0 0.295166015625 0.340087890625 0.05810546875 0.07373046875
0 0.333251953125 0.244140625 0.03271484375 0.0830078125
0 0.380615234375 0.0654296875 0.05517578125 0.0732421875
0 0.11181640625 0.182861328125 0.0556640625 0.07470703125
0 0.0380859375 0.3681640625 0.0341796875 0.0380859375
0 0.335693359375 0.06103515625 0.05615234375 0.0810546875
0 0.41650390625 0.112060546875 0.072265625 0.07275390625
0 0.637451171875 0.2412109375 0.06201171875 0.0732421875
0 0.902587890625 0.438720703125 0.06884765625 0.06884765625
0 0.650390625 0.493408203125 0.0654296875 0.08056640625
0 0.3359375 0.440673828125 0.0810546875 0.04150390625
0 0.33740234375 0.4912109375 0.08203125 0.0712890625
0 0.423095703125 0.552490234375 0.03271484375 0.04248046875
