0 0.027099609375 0.401611328125 0.05419921875 0.05419921875
0 0.185546875 0.019775390625 0.0810546875 0.03955078125
0 0.24658203125 0.9560546875 0.05859375 0.0390625
0 0.396484375 0.76611328125 0.029296875 0.0341796875
0 0.028564453125 0.0595703125 0.05712890625 0.0830078125
0 0.027587890625 0.116943359375 0.05517578125 0.04345703125
0 0.071044921875 0.13720703125 0.04443359375 0.0537109375
0 0.109375 0.12451171875 0.0771484375 0.0771484375
0 0.025390625 0.176025390625 0.05078125 0.07177734375
0 0.07568359375 0.203857421875 0.0703125 0.08447265625
0 0.271240234375 0.142578125 0.07958984375 0.0732421875
0 0.227783203125 0.18994140625 0.08251953125 0.0673828125
0 0.1552734375 0.160888671875 0.060546875 0.08642578125
0 0.180419921875 0.110107421875 0.06982421875 0.03564453125
0 0.123291015625 0.068603515625 0.03466796875 0.03857421875
0 0.0703125 0.017578125 0.0634765625 0.03515625
0 0.136962890625 0.0263671875 0.06201171875 0.052734375
0 0.181640625 0.07177734375 0.048828125 0.0380859375
0 0.3779296875 0.04296875 0.0478515625 0.048828125
0 0.39453125 0.015625 0.044921875 0.03125
0 0.44775390625 0.16943359375 0.0859375 0.078125
0 0.43505859375 0.10107421875 0.0751953125 0.0517578125
0 0.435546875 0.051513671875 0.0703125 0.06396484375
0 0.507568359375 0.064453125 0.04541015625 0.029296875
0 0.496826171875 0.02734375 0.06591796875 0.052734375
0 0.601318359375 0.017822265625 0.06201171875 0.03564453125
0 0.67724609375 0.00927734375 0.0625 0.0185546875
0 0.800048828125 0.033447265625 0.04345703125 0.06689453125
0 0.838623046875 0.014404296875 0.03857421875 0.02880859375
0 0.80419921875 0.1845703125 0.0654296875 0.05859375
0 0.880126953125 0.17431640625 0.09814453125 0.0712890625
0 0.8701171875 0.2529296875 0.0625 0.06640625
0 0.8095703125 0.2490234375 0.0693359375 0.068359375
0 0.695556640625 0.306884765625 0.09033203125 0.09228515625
0 0.612060546875 0.232177734375 0.04833984375 0.04833984375
0 0.48876953125 0.314208984375 0.0322265625 0.03662109375
0 0.697509765625 0.3740234375 0.03662109375 0.0341796875
0 0.474365234375 0.37939453125 0.05419921875 0.08984375
0 0.376708984375 0.332275390625 0.06103515625 0.05615234375
0 0.487548828125 0.281005859375 0.03955078125 0.03466796875
0 0.46435546875 0.31396484375 0.0322265625 0.048828125
0 0.298095703125 0.3056640625 0.02978515625 0.0263671875
0 0.260498046875 0.318115234375 0.02685546875 0.04833984375
0 0.359619140625 0.215576171875 0.04736328125 0.05224609375
0 0.28369140625 0.26123046875 0.0595703125 0.0556640625
0 0.12451171875 0.319091796875 0.0205078125 0.02001953125
0 0.04931640625 0.450927734375 0.0634765625 0.05517578125
0 0.116943359375 0.38916015625 0.05810546875 0.0537109375
0 0.173828125 0.379638671875 0.0517578125 0.04345703125
0 0.1279296875 0.521728515625 0.0625 0.04541015625
0 0.304443359375 0.407470703125 0.02880859375 0.02880859375
0 0.36865234375 0.476318359375 0.0546875 0.05615234375
0 0.406005859375 0.4619140625 0.05029296875 0.0478515625
0 0.026611328125 0.497314453125 0.05322265625 0.06005859375
0 0.065673828125 0.516845703125 0.04150390625 0.05419921875
0 0.0693359375 0.483154296875 0.0224609375 0.01708984375
0 0.058349609375 0.591064453125 0.04052734375 0.04833984375
0 0.148681640625 0.611328125 0.05712890625 0.052734375
0 0.125244140625 0.657958984375 0.08056640625 0.06494140625
0 0.129638671875 0.701171875 0.08349609375 0.0576171875
0 0.202880859375 0.609619140625 0.04833984375 0.06005859375
0 0.245361328125 0.6044921875 0.04736328125 0.0322265625
0 0.242431640625 0.630859375 0.06201171875 0.041015625
0 0.178955078125 0.658203125 0.03955078125 0.04296875
0 0.09814453125 0.7294921875 0.0634765625 0.060546875
0 0.192138671875 0.691162109375 0.04345703125 0.03466796875
0 0.225830078125 0.7578125 0.03369140625 0.0595703125
0 0.208251953125 0.73095703125 0.04931640625 0.048828125
0 0.29052734375 0.719970703125 0.05859375 0.05322265625
0 0.32275390625 0.683349609375 0.04296875 0.04345703125
0 0.334228515625 0.80078125 0.03857421875 0.0576171875
0 0.405029296875 0.66650390625 0.08544921875 0.0693359375
0 0.08984375 0.8212890625 0.046875 0.0751953125
0 0.02490234375 0.931396484375 0.0498046875 0.03857421875
0 0.064208984375 0.9111328125 0.08154296875 0.0888671875
0 0.109619140625 0.885498046875 0.07275390625 0.07275390625
0 0.166015625 0.838623046875 0.0859375 0.10009765625
0 0.159912109375 0.919921875 0.07958984375 0.072265625
0 0.255615234375 0.833251953125 0.06005859375 0.03955078125
0 0.326416015625 0.900634765625 0.08447265625 0.06787109375
0 0.3251953125 0.9619140625 0.06640625 0.0595703125
0 0.36083984375 0.89599609375 0.05859375 0.1044921875
0 0.3818359375 0.947265625 0.0458984375 0.076171875
0 0.435546875 0.886474609375 0.0732421875 0.05517578125
0 0.3369140625 0.851318359375 0.04296875 0.04345703125
0 0.129150390625 0.771484375 0.04931640625 0.033203125
0 0.4326171875 0.841064453125 0.04296875 0.03662109375
0 0.594970703125 0.906494140625 0.07275390625 0.04052734375
0 0.65771484375 0.8955078125 0.0771484375 0.0556640625
0 0.70458984375 0.9296875 0.0498046875 0.03515625
0 0.72900390625 0.83935546875 0.0400390625 0.025390625
0 0.648193359375 0.870361328125 0.05224609375 0.02001953125
0 0.6669921875 0.85205078125 0.0234375 0.0263671875
0 0.52294921875 0.764404296875 0.03125 0.04150390625
0 0.65673828125 0.747314453125 0.044921875 0.03466796875
0 0.557861328125 0.749755859375 0.04541015625 0.04736328125
0 0.451171875 0.7421875 0.0546875 0.080078125
0 0.46533203125 0.6318359375 0.07421875 0.0498046875
0 0.51904296875 0.685302734375 0.033203125 0.04931640625
0 0.554931640625 0.67138671875 0.05517578125 0.0625
0 0.56787109375 0.711669921875 0.0185546875 0.02978515625
0 0.59619140625 0.6923828125 0.0400390625 0.0498046875
0 0.602294921875 0.731201171875 0.07568359375 0.04736328125
0 0.603759765625 0.661376953125 0.05908203125 0.04638671875
0 0.6376953125 0.62939453125 0.0791015625 0.091796875
0 0.6875 0.707763671875 0.0791015625 0.06494140625
0 0.717529296875 0.654541015625 0.11669921875 0.06396484375
0 0.754638671875 0.71044921875 0.06787109375 0.052734375
0 0.76953125 0.81298828125 0.05078125 0.05078125
0 0.767333984375 0.76611328125 0.05224609375 0.064453125
0 0.81494140625 0.760009765625 0.0439453125 0.04931640625
0 0.82275390625 0.80078125 0.0439453125 0.068359375
0 0.812744140625 0.687255859375 0.05908203125 0.05322265625
0 0.78515625 0.8779296875 0.0712890625 0.05859375
0 0.922119140625 0.982666015625 0.04541015625 0.03369140625
0 0.98486328125 0.984375 0.029296875 0.0302734375
0 0.95654296875 0.81201171875 0.0537109375 0.056640625
0 0.865478515625 0.704833984375 0.07666015625 0.03369140625
0 0.857421875 0.670654296875 0.0478515625 0.04833984375
0 0.785400390625 0.635498046875 0.04345703125 0.03955078125
0 0.814208984375 0.615478515625 0.03271484375 0.04052734375
0 0.908935546875 0.631591796875 0.06298828125 0.10791015625
0 0.954345703125 0.6669921875 0.06298828125 0.0830078125
0 0.578369140625 0.591796875 0.05126953125 0.0732421875
0 0.702392578125 0.584228515625 0.03955078125 0.04248046875
0 0.4443359375 0.497314453125 0.07421875 0.08349609375
0 0.49072265625 0.448486328125 0.046875 0.05419921875
0 0.516845703125 0.431396484375 0.07080078125 0.05126953125
0 0.580810546875 0.375732421875 0.03857421875 0.03759765625
0 0.621337890625 0.416015625 0.07958984375 0.080078125
0 0.75390625 0.350341796875 0.0234375 0.02587890625
0 0.738037109375 0.38427734375 0.02587890625 0.02734375
0 0.73681640625 0.437744140625 0.0498046875 0.02880859375
0 0.727783203125 0.457763671875 0.06298828125 0.02978515625
0 0.716064453125 0.429443359375 0.06689453125 0.05224609375
0 0.662109375 0.467529296875 0.0732421875 0.08837890625
0 0.6962890625 0.498291015625 0.0859375 0.07373046875
0 0.96240234375 0.223876953125 0.046875 0.03466796875
0 0.945068359375 0.31103515625 0.06982421875 0.0693359375
0 0.9892578125 0.250244140625 0.0205078125 0.04052734375
0 0.9912109375 0.215576171875 0.0166015625 0.02978515625
0 0.927978515625 0.065185546875 0.05712890625 0.08837890625
0 0.75830078125 0.408935546875 0.029296875 0.03564453125
0 0.789306640625 0.410888671875 0.03759765625 0.03759765625
0 0.803955078125 0.378662109375 0.01611328125 0.02978515625
0 0.8466796875 0.398193359375 0.0576171875 0.06494140625
0 0.909423828125 0.374267578125 0.07666015625 0.09716796875
0 0.883544921875 0.43017578125 0.07568359375 0.064453125
0 0.837158203125 0.504638671875 0.04736328125 0.08837890625
0 0.985107421875 0.39501953125 0.02880859375 0.0703125
0 0.892578125 0.486083984375 0.0693359375 0.07470703125
0 0.173583984375 0.2578125 0.02490234375 0.02734375
0 0.070068359375 0.5400390625 0.06494140625 0.060546875
0 0.298583984375 0.83984375 0.05810546875 0.056640625
0 0.7802734375 0.213623046875 0.0634765625 0.05908203125
0 0.972412109375 0.070068359375 0.04052734375 0.04345703125
0 0.978515625 0.0361328125 0.0361328125 0.0380859375
0 0.388427734375 0.30029296875 0.02099609375 0.0263671875
0 0.44091796875 0.35107421875 0.0322265625 0.0380859375
0 0.361083984375 0.52587890625 0.03466796875 0.0478515625
0 0.047119140625 0.08203125 0.04541015625 0.07421875
0 0.085205078125 0.07421875 0.04541015625 0.076171875
0 0.509521484375 0.163818359375 0.05810546875 0.08642578125
0 0.560791015625 0.129150390625 0.04541015625 0.04443359375
0 0.668701171875 0.060546875 0.08349609375 0.0869140625
0 0.75732421875 0.035888671875 0.0556640625 0.05322265625
0 0.922119140625 0.0205078125 0.07080078125 0.041015625
0 0.966796875 0.1044921875 0.064453125 0.0517578125
0 0.904541015625 0.22900390625 0.08251953125 0.078125
0 0.407958984375 0.268310546875 0.06591796875 0.07080078125
0 0.328857421875 0.323486328125 0.03369140625 0.03955078125
0 0.15087890625 0.337646484375 0.0703125 0.07861328125
0 0.080810546875 0.34130859375 0.05810546875 0.0546875
0 0.06494140625 0.2734375 0.0361328125 0.0361328125
0 0.18017578125 0.417724609375 0.0546875 0.03955078125
0 0.201416015625 0.4951171875 0.06689453125 0.0556640625
0 0.27294921875 0.461669921875 0.078125 0.04736328125
0 0.234130859375 0.39599609375 0.06201171875 0.0634765625
0 0.336669921875 0.493896484375 0.03271484375 0.03564453125
0 0.36083984375 0.44677734375 0.0595703125 0.0625
0 0.39501953125 0.513916015625 0.05078125 0.06689453125
0 0.13037109375 0.98095703125 0.06640625 0.037109375
0 0.258056640625 0.88134765625 0.10009765625 0.0673828125
0 0.16552734375 0.756591796875 0.0791015625 0.08447265625
0 0.406005859375 0.788818359375 0.04150390625 0.03173828125
0 0.454833984375 0.799560546875 0.06005859375 0.05322265625
0 0.482666015625 0.93310546875 0.06103515625 0.0810546875
0 0.53515625 0.922119140625 0.0439453125 0.04833984375
0 0.546630859375 0.990234375 0.03466796875 0.0185546875
0 0.718017578125 0.903564453125 0.09228515625 0.03466796875
0 0.7021484375 0.84814453125 0.052734375 0.072265625
0 0.560546875 0.84716796875 0.046875 0.064453125
0 0.662841796875 0.82373046875 0.02880859375 0.0341796875
0 0.614501953125 0.86865234375 0.04931640625 0.0478515625
0 0.466552734375 0.68994140625 0.04443359375 0.0458984375
0 0.607666015625 0.7587890625 0.05908203125 0.0556640625
0 0.630615234375 0.691650390625 0.04638671875 0.04248046875
0 0.895263671875 0.897705078125 0.07861328125 0.06982421875
0 0.844970703125 0.8857421875 0.05517578125 0.044921875
0 0.95703125 0.9697265625 0.0654296875 0.0595703125
0 0.9443359375 0.929931640625 0.0537109375 0.06591796875
0 0.981201171875 0.77685546875 0.03662109375 0.0419921875
0 0.594970703125 0.495849609375 0.04345703125 0.03955078125
0 0.371826171875 0.366943359375 0.03076171875 0.04638671875
0 0.400146484375 0.36767578125 0.06005859375 0.1015625
0 0.9560546875 0.1796875 0.052734375 0.0673828125
0 0.959716796875 0.27587890625 0.07861328125 0.05078125
0 0.797119140625 0.333251953125 0.15576171875 0.09130859375
0 0.760009765625 0.377685546875 0.02978515625 0.03369140625
0 0.788818359375 0.446044921875 0.07177734375 0.06298828125
0 0.9609375 0.409912109375 0.0771484375 0.08056640625
0 0.95556640625 0.46240234375 0.0537109375 0.0615234375
0 0.981689453125 0.476806640625 0.03564453125 0.08251953125
0 0.056884765625 0.253173828125 0.05224609375 0.03662109375
0 0.164306640625 0.214599609375 0.06298828125 0.05322265625
0 0.27685546875 0.025390625 0.048828125 0.044921875
0 0.201416015625 0.040771484375 0.04345703125 0.03759765625
0 0.345947265625 0.014892578125 0.06689453125 0.02978515625
0 0.375 0.144775390625 0.0634765625 0.07177734375
0 0.4912109375 0.118408203125 0.064453125 0.06396484375
0 0.575927734375 0.173095703125 0.08544921875 0.10693359375
0 0.651611328125 0.157470703125 0.07470703125 0.11767578125
0 0.81884765625 0.125732421875 0.083984375 0.07275390625
0 0.869873046875 0.0537109375 0.05712890625 0.046875
0 0.763427734375 0.265869140625 0.05810546875 0.05615234375
0 0.63330078125 0.266845703125 0.05078125 0.04833984375
0 0.5244140625 0.240234375 0.083984375 0.076171875
0 0.447265625 0.2431640625 0.064453125 0.0732421875
0 0.574951171875 0.311767578125 0.16552734375 0.12744140625
0 0.419677734375 0.3935546875 0.06396484375 0.0537109375
0 0.288330078125 0.35595703125 0.05517578125 0.0595703125
0 0.348388671875 0.284423828125 0.07177734375 0.07177734375
0 0.132080078125 0.256103515625 0.06103515625 0.07958984375
0 0.203125 0.294189453125 0.0927734375 0.06982421875
0 0.22021484375 0.34423828125 0.0654296875 0.0625
0 0.13330078125 0.46044921875 0.0947265625 0.087890625
0 0.150634765625 0.549072265625 0.05517578125 0.05615234375
0 0.210693359375 0.541748046875 0.06201171875 0.06103515625
0 0.26904296875 0.418701171875 0.0498046875 0.05126953125
0 0.3369140625 0.392333984375 0.056640625 0.05810546875
0 0.29638671875 0.538818359375 0.0927734375 0.09033203125
0 0.0908203125 0.497314453125 0.025390625 0.03076171875
0 0.036376953125 0.64013671875 0.07275390625 0.0791015625
0 0.034912109375 0.7373046875 0.06591796875 0.064453125
0 0.26953125 0.58056640625 0.052734375 0.037109375
0 0.240478515625 0.67578125 0.03369140625 0.048828125
0 0.262451171875 0.672119140625 0.03857421875 0.06298828125
0 0.213623046875 0.669189453125 0.04345703125 0.05810546875
0 0.25634765625 0.757080078125 0.037109375 0.03662109375
0 0.33935546875 0.739501953125 0.080078125 0.07763671875
0 0.39501953125 0.716552734375 0.0615234375 0.04150390625
0 0.29443359375 0.7939453125 0.0634765625 0.046875
0 0.05810546875 0.837890625 0.060546875 0.064453125
0 0.031494140625 0.970947265625 0.06298828125 0.05712890625
0 0.21240234375 0.97705078125 0.0673828125 0.044921875
0 0.22412109375 0.9140625 0.0693359375 0.0634765625
0 0.425048828125 0.93359375 0.04736328125 0.0693359375
0 0.364501953125 0.7919921875 0.04638671875 0.0517578125
0 0.50048828125 0.85107421875 0.05859375 0.068359375
0 0.478515625 0.979736328125 0.0634765625 0.03955078125
0 0.62255859375 0.950927734375 0.091796875 0.06689453125
0 0.73291015625 0.96435546875 0.048828125 0.0537109375
0 0.595703125 0.81640625 0.0478515625 0.0634765625
0 0.655029296875 0.7880859375 0.07080078125 0.0693359375
0 0.5029296875 0.738525390625 0.0517578125 0.06982421875
0 0.716796875 0.767822265625 0.0419921875 0.04443359375
0 0.8681640625 0.775634765625 0.0693359375 0.06982421875
0 0.826904296875 0.846923828125 0.05224609375 0.04443359375
0 0.83837890625 0.73583984375 0.064453125 0.0625
0 0.830078125 0.97119140625 0.0986328125 0.056640625
0 0.89208984375 0.84521484375 0.0693359375 0.048828125
0 0.88818359375 0.8134765625 0.060546875 0.0390625
0 0.844970703125 0.603271484375 0.05810546875 0.05712890625
0 0.883056640625 0.559814453125 0.04931640625 0.05224609375
0 0.963134765625 0.593017578125 0.07275390625 0.09130859375
0 0.528076171875 0.607666015625 0.04833984375 0.07470703125
0 0.498291015625 0.564208984375 0.04931640625 0.04833984375
0 0.54345703125 0.5400390625 0.04296875 0.0458984375
0 0.494873046875 0.515869140625 0.06201171875 0.05224609375
0 0.775634765625 0.505615234375 0.05712890625 0.04931640625
0 0.738037109375 0.56298828125 0.05029296875 0.0419921875
0 0.698974609375 0.552734375 0.03271484375 0.029296875
0 0.672607421875 0.56787109375 0.03955078125 0.0322265625
0 0.612060546875 0.5458984375 0.05615234375 0.0439453125
0 0.531982421875 0.379150390625 0.02880859375 0.03271484375
0 0.54736328125 0.369384765625 0.03515625 0.04345703125
0 0.987548828125 0.1787109375 0.02392578125 0.0546875
0 0.9365234375 0.36083984375 0.0302734375 0.0322265625
0 0.211669921875 0.243896484375 0.05810546875 0.04345703125
0 0.091796875 0.29443359375 0.072265625 0.05078125
