0 0.29638671875 0.371337890625 0.02734375 0.02685546875
0 0.43603515625 0.1884765625 0.0244140625 0.0224609375
0 0.453857421875 0.21044921875 0.04052734375 0.0390625
0 0.673828125 0.05712890625 0.17578125 0.1142578125
0 0.0224609375 0.119140625 0.044921875 0.05078125
0 0.101318359375 0.20654296875 0.03759765625 0.0380859375
0 0.210205078125 0.25390625 0.03955078125 0.046875
0 0.042236328125 0.467041015625 0.08447265625 0.08447265625
0 0.221435546875 0.42724609375 0.03955078125 0.03125
0 0.204833984375 0.424560546875 0.07373046875 0.07470703125
0 0.224609375 0.5419921875 0.052734375 0.0625
0 0.252685546875 0.773681640625 0.03076171875 0.04833984375
0 0.032958984375 0.941162109375 0.06591796875 0.06689453125
0 0.277587890625 0.91796875 0.02685546875 0.0498046875
0 0.390625 0.822998046875 0.0498046875 0.05712890625
0 0.700439453125 0.475830078125 0.05712890625 0.04638671875
0 0.75927734375 0.39892578125 0.0634765625 0.0458984375
0 0.553955078125 0.556884765625 0.06396484375 0.05322265625
0 0.476318359375 0.0947265625 0.02490234375 0.0595703125
0 0.574951171875 0.0986328125 0.05810546875 0.0703125
0 0.58251953125 0.19970703125 0.0341796875 0.033203125
0 0.154541015625 0.654541015625 0.04833984375 0.08251953125
0 0.576904296875 0.978515625 0.05419921875 0.0419921875
0 0.07666015625 0.026123046875 0.0478515625 0.05126953125
0 0.045166015625 0.05078125 0.05615234375 0.0634765625
0 0.02294921875 0.074951171875 0.0458984375 0.04248046875
0 0.1884765625 0.0439453125 0.03515625 0.03515625
0 0.23876953125 0.0859375 0.0322265625 0.033203125
0 0.265625 0.10400390625 0.03125 0.0380859375
0 0.225341796875 0.057861328125 0.04931640625 0.04638671875
0 0.2333984375 0.041748046875 0.0654296875 0.06298828125
0 0.230224609375 0.01708984375 0.06103515625 0.0341796875
0 0.15966796875 0.010498046875 0.0625 0.02099609375
0 0.205322265625 0.139404296875 0.05322265625 0.04248046875
0 0.169189453125 0.191162109375 0.06494140625 0.05517578125
0 0.099853515625 0.252197265625 0.04541015625 0.05810546875
0 0.22998046875 0.1865234375 0.0703125 0.091796875
0 0.134033203125 0.267578125 0.02783203125 0.0263671875
0 0.269287109375 0.20263671875 0.03173828125 0.0361328125
0 0.015380859375 0.346923828125 0.03076171875 0.08349609375
0 0.011962890625 0.324462890625 0.02099609375 0.02685546875
0 0.0400390625 0.385986328125 0.02734375 0.02978515625
0 0.140380859375 0.318603515625 0.05126953125 0.03857421875
0 0.080322265625 0.30078125 0.08935546875 0.0849609375
0 0.27001953125 0.3544921875 0.03125 0.033203125
0 0.287109375 0.33154296875 0.048828125 0.068359375
0 0.291748046875 0.28564453125 0.04248046875 0.037109375
0 0.345458984375 0.313232421875 0.02783203125 0.02490234375
0 0.347900390625 0.263671875 0.03271484375 0.04296875
0 0.27978515625 0.251220703125 0.033203125 0.03564453125
0 0.073974609375 0.406494140625 0.03173828125 0.03759765625
0 0.076904296875 0.539794921875 0.03759765625 0.03955078125
0 0.153564453125 0.485107421875 0.04541015625 0.04833984375
0 0.234619140625 0.498046875 0.06201171875 0.080078125
0 0.260009765625 0.435546875 0.06396484375 0.0625
0 0.088134765625 0.670654296875 0.02587890625 0.02685546875
0 0.059326171875 0.673828125 0.03369140625 0.03515625
0 0.105712890625 0.634033203125 0.07080078125 0.06884765625
0 0.194091796875 0.5771484375 0.03271484375 0.0380859375
0 0.22509765625 0.584228515625 0.0302734375 0.03173828125
0 0.083984375 0.693603515625 0.0234375 0.02294921875
0 0.1083984375 0.695556640625 0.0322265625 0.02978515625
0 0.072021484375 0.702880859375 0.03173828125 0.03369140625
0 0.0458984375 0.747802734375 0.0458984375 0.05712890625
0 0.219482421875 0.76123046875 0.07373046875 0.0986328125
0 0.15087890625 0.7265625 0.0673828125 0.052734375
0 0.023193359375 0.807373046875 0.04638671875 0.07861328125
0 0.037353515625 0.873046875 0.07470703125 0.0927734375
0 0.100341796875 0.962646484375 0.04443359375 0.04638671875
0 0.020751953125 0.99267578125 0.04150390625 0.013671875
0 0.235107421875 0.989501953125 0.03271484375 0.02001953125
0 0.177490234375 0.982666015625 0.09130859375 0.03369140625
0 0.286865234375 0.986083984375 0.05712890625 0.02685546875
0 0.34228515625 0.984130859375 0.0546875 0.03076171875
0 0.426513671875 0.9951171875 0.04638671875 0.0087890625
0 0.39111328125 0.9765625 0.0517578125 0.0458984375
0 0.3798828125 0.9443359375 0.0478515625 0.044921875
0 0.504638671875 0.87548828125 0.05810546875 0.0546875
0 0.42919921875 0.862548828125 0.046875 0.04638671875
0 0.450439453125 0.909912109375 0.02978515625 0.03466796875
0 0.931396484375 0.864990234375 0.07470703125 0.07080078125
0 0.98095703125 0.912353515625 0.037109375 0.05126953125
0 0.968017578125 0.874267578125 0.06298828125 0.06591796875
0 0.7578125 0.786376953125 0.0791015625 0.09814453125
0 0.540771484375 0.82373046875 0.07177734375 0.0576171875
0 0.580810546875 0.788818359375 0.02001953125 0.03271484375
0 0.48583984375 0.814453125 0.0302734375 0.041015625
0 0.495849609375 0.775390625 0.08056640625 0.0537109375
0 0.469482421875 0.75341796875 0.04052734375 0.0419921875
0 0.448974609375 0.780029296875 0.05615234375 0.06201171875
0 0.4599609375 0.7158203125 0.0244140625 0.025390625
0 0.4130859375 0.71875 0.0439453125 0.0302734375
0 0.54833984375 0.655517578125 0.0732421875 0.06103515625
0 0.61474609375 0.656005859375 0.02734375 0.02783203125
0 0.896240234375 0.68017578125 0.02685546875 0.0234375
0 0.809326171875 0.489990234375 0.03662109375 0.03271484375
0 0.70361328125 0.52490234375 0.0576171875 0.0595703125
0 0.856201171875 0.39697265625 0.07373046875 0.064453125
0 0.814697265625 0.338623046875 0.03857421875 0.03857421875
0 0.90234375 0.428955078125 0.05078125 0.05224609375
0 0.97021484375 0.52685546875 0.033203125 0.033203125
0 0.86083984375 0.31298828125 0.0947265625 0.064453125
0 0.860595703125 0.1787109375 0.07666015625 0.080078125
0 0.757080078125 0.22412109375 0.08935546875 0.068359375
0 0.66357421875 0.2138671875 0.044921875 0.025390625
0 0.677490234375 0.32373046875 0.03759765625 0.0341796875
0 0.665771484375 0.3583984375 0.07373046875 0.078125
0 0.647705078125 0.5869140625 0.03857421875 0.0439453125
0 0.57763671875 0.53271484375 0.03515625 0.033203125
0 0.402587890625 0.744140625 0.03857421875 0.0224609375
0 0.326416015625 0.57080078125 0.05810546875 0.0703125
0 0.349853515625 0.51416015625 0.04931640625 0.041015625
0 0.32177734375 0.52294921875 0.04296875 0.0419921875
0 0.424072265625 0.519775390625 0.05810546875 0.05224609375
0 0.5634765625 0.447998046875 0.04296875 0.04345703125
0 0.548095703125 0.408447265625 0.05029296875 0.05224609375
0 0.59716796875 0.390869140625 0.0537109375 0.06982421875
0 0.59375 0.353271484375 0.05859375 0.08154296875
0 0.467529296875 0.333251953125 0.10107421875 0.08154296875
0 0.39404296875 0.288330078125 0.041015625 0.04638671875
0 0.438232421875 0.263916015625 0.05029296875 0.03271484375
0 0.34326171875 0.212158203125 0.0322265625 0.04248046875
0 0.361328125 0.185546875 0.033203125 0.0390625
0 0.412109375 0.217529296875 0.0625 0.06201171875
0 0.44921875 0.157470703125 0.05859375 0.04345703125
0 0.4091796875 0.18408203125 0.033203125 0.0224609375
0 0.52734375 0.177978515625 0.08203125 0.08740234375
0 0.3505859375 0.01123046875 0.0625 0.0224609375
0 0.614990234375 0.039306640625 0.03662109375 0.03076171875
0 0.558349609375 0.2646484375 0.06494140625 0.052734375
0 0.6591796875 0.16845703125 0.091796875 0.078125
0 0.76708984375 0.123291015625 0.0341796875 0.02783203125
0 0.809814453125 0.13720703125 0.06396484375 0.0791015625
0 0.7998046875 0.185546875 0.0556640625 0.0439453125
0 0.982666015625 0.014892578125 0.03369140625 0.02978515625
0 0.9140625 0.1455078125 0.0615234375 0.087890625
0 0.894287109375 0.288818359375 0.03369140625 0.02880859375
0 0.18115234375 0.49267578125 0.0361328125 0.0341796875
0 0.17529296875 0.544189453125 0.0517578125 0.06787109375
0 0.0888671875 0.91455078125 0.056640625 0.0673828125
0 0.859375 0.7763671875 0.041015625 0.05078125
0 0.507080078125 0.4833984375 0.04541015625 0.0693359375
0 0.36767578125 0.400634765625 0.056640625 0.03076171875
0 0.1005859375 0.076171875 0.0302734375 0.0419921875
0 0.0537109375 0.3310546875 0.064453125 0.0869140625
0 0.104736328125 0.36181640625 0.05126953125 0.05859375
0 0.1982421875 0.31689453125 0.0732421875 0.0751953125
0 0.242431640625 0.3564453125 0.02978515625 0.05859375
0 0.3115234375 0.270751953125 0.052734375 0.04931640625
0 0.0732421875 0.510498046875 0.05078125 0.05029296875
0 0.129638671875 0.46435546875 0.06884765625 0.056640625
0 0.283203125 0.452880859375 0.0654296875 0.04833984375
0 0.324462890625 0.419677734375 0.03466796875 0.03369140625
0 0.047607421875 0.590576171875 0.09521484375 0.07080078125
0 0.266357421875 0.58251953125 0.07177734375 0.0771484375
0 0.294189453125 0.80859375 0.08154296875 0.046875
0 0.2822265625 0.743896484375 0.0947265625 0.09716796875
0 0.02587890625 0.724853515625 0.0517578125 0.05517578125
0 0.021240234375 0.70458984375 0.04248046875 0.046875
0 0.08642578125 0.859375 0.0556640625 0.0712890625
0 0.197509765625 0.891845703125 0.04248046875 0.03759765625
0 0.17041015625 0.934814453125 0.0556640625 0.05419921875
0 0.03955078125 0.97802734375 0.0771484375 0.04296875
0 0.234130859375 0.948974609375 0.07666015625 0.08251953125
0 0.439453125 0.97802734375 0.0419921875 0.04296875
0 0.314453125 0.9609375 0.072265625 0.0498046875
0 0.362548828125 0.889892578125 0.05419921875 0.05322265625
0 0.41943359375 0.889892578125 0.03125 0.02685546875
0 0.462890625 0.864501953125 0.0341796875 0.04443359375
0 0.54736328125 0.95068359375 0.05859375 0.068359375
0 0.600830078125 0.9130859375 0.06884765625 0.05859375
0 0.439453125 0.824951171875 0.056640625 0.05224609375
0 0.48828125 0.733642578125 0.0458984375 0.04150390625
0 0.59375 0.64404296875 0.041015625 0.0322265625
0 0.409423828125 0.678466796875 0.08642578125 0.10107421875
0 0.63037109375 0.680419921875 0.0634765625 0.05322265625
0 0.901123046875 0.498046875 0.07861328125 0.072265625
0 0.951904296875 0.401611328125 0.07470703125 0.08544921875
0 0.986083984375 0.5078125 0.02685546875 0.0517578125
0 0.964599609375 0.28515625 0.06982421875 0.072265625
0 0.85107421875 0.24853515625 0.0888671875 0.076171875
0 0.846923828125 0.1474609375 0.04931640625 0.0771484375
0 0.66748046875 0.43017578125 0.0615234375 0.0673828125
0 0.559326171875 0.603759765625 0.05810546875 0.06298828125
0 0.63037109375 0.5361328125 0.05859375 0.0556640625
0 0.345703125 0.713134765625 0.037109375 0.03271484375
0 0.366943359375 0.744384765625 0.06396484375 0.05126953125
0 0.365966796875 0.8017578125 0.06298828125 0.0673828125
0 0.297607421875 0.634033203125 0.03271484375 0.05126953125
0 0.3798828125 0.563720703125 0.0625 0.07958984375
0 0.358642578125 0.45703125 0.07275390625 0.0859375
0 0.573486328125 0.510986328125 0.07177734375 0.04052734375
0 0.5908203125 0.477783203125 0.0537109375 0.05908203125
0 0.598388671875 0.434814453125 0.05224609375 0.04443359375
0 0.44921875 0.416015625 0.0947265625 0.0859375
0 0.438232421875 0.295166015625 0.05029296875 0.04541015625
0 0.340576171875 0.34033203125 0.06201171875 0.0849609375
0 0.304443359375 0.15869140625 0.07470703125 0.07421875
0 0.48974609375 0.232177734375 0.0673828125 0.08251953125
0 0.3388671875 0.101318359375 0.0537109375 0.05224609375
0 0.4091796875 0.01611328125 0.056640625 0.0322265625
0 0.49365234375 0.031982421875 0.07421875 0.06298828125
0 0.52783203125 0.108154296875 0.0712890625 0.06103515625
0 0.554931640625 0.0263671875 0.06787109375 0.052734375
0 0.633056640625 0.0185546875 0.08349609375 0.037109375
0 0.599365234375 0.229736328125 0.06103515625 0.04443359375
0 0.62646484375 0.191162109375 0.072265625 0.05712890625
0 0.84326171875 0.042236328125 0.078125 0.08447265625
0 0.77783203125 0.0390625 0.0634765625 0.078125
0 0.947998046875 0.0791015625 0.09423828125 0.087890625
0 0.14990234375 0.402587890625 0.0732421875 0.07763671875
0 0.23193359375 0.874267578125 0.04296875 0.06005859375
0 0.981201171875 0.972412109375 0.03662109375 0.05419921875
0 0.0615234375 0.09716796875 0.0498046875 0.0595703125
0 0.091552734375 0.159423828125 0.03076171875 0.06591796875
0 0.11083984375 0.1416015625 0.0380859375 0.037109375
0 0.1796875 0.124267578125 0.0810546875 0.08251953125
0 0.140869140625 0.052978515625 0.07275390625 0.05517578125
0 0.05859375 0.2021484375 0.056640625 0.0625
0 0.0498046875 0.1474609375 0.0625 0.0556640625
0 0.029052734375 0.242919921875 0.05810546875 0.06103515625
0 0.131103515625 0.21630859375 0.05224609375 0.0615234375
0 0.1708984375 0.250732421875 0.048828125 0.04345703125
0 0.137939453125 0.350341796875 0.05419921875 0.04052734375
0 0.23681640625 0.270751953125 0.0703125 0.06982421875
0 0.29345703125 0.4970703125 0.068359375 0.0615234375
0 0.020263671875 0.649169921875 0.04052734375 0.05224609375
0 0.149658203125 0.781982421875 0.08251953125 0.07470703125
0 0.072509765625 0.80859375 0.07373046875 0.0693359375
0 0.1826171875 0.82861328125 0.087890625 0.0908203125
0 0.24365234375 0.909423828125 0.0361328125 0.04150390625
0 0.484375 0.9697265625 0.0537109375 0.0595703125
0 0.573486328125 0.89111328125 0.06689453125 0.06640625
0 0.64111328125 0.877197265625 0.0625 0.06982421875
0 0.692138671875 0.978515625 0.06103515625 0.0419921875
0 0.689208984375 0.9365234375 0.05126953125 0.0556640625
0 0.712890625 0.893798828125 0.0673828125 0.07177734375
0 0.7705078125 0.951171875 0.0546875 0.0576171875
0 0.740234375 0.851806640625 0.060546875 0.07373046875
0 0.85693359375 0.965087890625 0.064453125 0.06201171875
0 0.8662109375 0.9091796875 0.0732421875 0.0498046875
0 0.922119140625 0.748779296875 0.08349609375 0.07373046875
0 0.6708984375 0.819580078125 0.0888671875 0.07763671875
0 0.548583984375 0.7294921875 0.09716796875 0.0966796875
0 0.47216796875 0.6865234375 0.0498046875 0.0615234375
0 0.5224609375 0.636962890625 0.044921875 0.04736328125
0 0.812744140625 0.524658203125 0.03759765625 0.04248046875
0 0.9306640625 0.197021484375 0.046875 0.04736328125
0 0.762939453125 0.285400390625 0.09130859375 0.06201171875
0 0.623291015625 0.4033203125 0.04931640625 0.052734375
0 0.609375 0.593505859375 0.044921875 0.05517578125
0 0.695556640625 0.5859375 0.05810546875 0.0576171875
0 0.47802734375 0.547607421875 0.068359375 0.05126953125
0 0.44287109375 0.734619140625 0.044921875 0.02197265625
0 0.356689453125 0.6494140625 0.08837890625 0.0927734375
0 0.260498046875 0.65087890625 0.07373046875 0.068359375
0 0.404541015625 0.48388671875 0.07470703125 0.076171875
0 0.546142578125 0.337646484375 0.07470703125 0.09423828125
0 0.377197265625 0.136474609375 0.09228515625 0.07470703125
0 0.41943359375 0.0712890625 0.08203125 0.068359375
0 0.35205078125 0.05224609375 0.087890625 0.072265625
0 0.971923828125 0.79052734375 0.05517578125 0.0654296875
