0 0.071044921875 0.169921875 0.05029296875 0.076171875
0 0.18017578125 0.228271484375 0.046875 0.03564453125
0 0.217041015625 0.0888671875 0.02880859375 0.0322265625
0 0.505126953125 0.5302734375 0.03662109375 0.0390625
0 0.489990234375 0.563232421875 0.05615234375 0.05517578125
0 0.23388671875 0.31494140625 0.0322265625 0.0322265625
0 0.60693359375 0.302490234375 0.046875 0.04541015625
0 0.014404296875 0.48583984375 0.02880859375 0.0615234375
0 0.1552734375 0.160888671875 0.0498046875 0.06982421875
0 0.19140625 0.10595703125 0.03515625 0.0419921875
0 0.073974609375 0.017822265625 0.04248046875 0.03564453125
0 0.014892578125 0.5673828125 0.02978515625 0.025390625
0 0.880859375 0.8427734375 0.12109375 0.1357421875
0 0.81640625 0.721923828125 0.037109375 0.03076171875
0 0.119873046875 0.04248046875 0.03173828125 0.0263671875
0 0.14697265625 0.109375 0.0830078125 0.099609375
0 0.107666015625 0.09765625 0.04443359375 0.029296875
0 0.24658203125 0.18994140625 0.0419921875 0.0419921875
0 0.047607421875 0.125244140625 0.02978515625 0.02392578125
0 0.181396484375 0.18798828125 0.05908203125 0.0576171875
0 0.214111328125 0.020751953125 0.05322265625 0.04150390625
0 0.243408203125 0.123046875 0.05810546875 0.05078125
0 0.270263671875 0.097900390625 0.02392578125 0.02685546875
0 0.0634765625 0.243896484375 0.0859375 0.07177734375
0 0.025146484375 0.27783203125 0.05029296875 0.07421875
0 0.0869140625 0.304443359375 0.1005859375 0.06787109375
0 0.034912109375 0.335205078125 0.03369140625 0.03271484375
0 0.02001953125 0.32275390625 0.0400390625 0.03125
0 0.125 0.342529296875 0.044921875 0.05322265625
0 0.098388671875 0.372802734375 0.05029296875 0.03857421875
0 0.141357421875 0.38525390625 0.03955078125 0.0400390625
0 0.186279296875 0.3642578125 0.05615234375 0.0712890625
0 0.16796875 0.260986328125 0.052734375 0.04638671875
0 0.25048828125 0.396484375 0.0361328125 0.041015625
0 0.263916015625 0.27783203125 0.03564453125 0.0380859375
0 0.283447265625 0.259033203125 0.07080078125 0.06982421875
0 0.3505859375 0.317138671875 0.0341796875 0.03759765625
0 0.433837890625 0.337158203125 0.03662109375 0.02880859375
0 0.415771484375 0.269775390625 0.05224609375 0.06982421875
0 0.39404296875 0.210693359375 0.1083984375 0.09814453125
0 0.3193359375 0.12841796875 0.0380859375 0.0390625
0 0.581787109375 0.25634765625 0.03173828125 0.0302734375
0 0.12060546875 0.017822265625 0.052734375 0.03564453125
0 0.418212890625 0.023193359375 0.05712890625 0.04638671875
0 0.331298828125 0.107666015625 0.03662109375 0.04736328125
0 0.497802734375 0.167236328125 0.04052734375 0.02587890625
0 0.529052734375 0.143310546875 0.03857421875 0.03466796875
0 0.52392578125 0.1689453125 0.033203125 0.025390625
0 0.55126953125 0.156982421875 0.0302734375 0.02978515625
0 0.5009765625 0.19873046875 0.0302734375 0.0390625
0 0.522705078125 0.21484375 0.03173828125 0.04296875
0 0.531005859375 0.333740234375 0.03466796875 0.06494140625
0 0.031982421875 0.451904296875 0.04248046875 0.05615234375
0 0.098388671875 0.524169921875 0.04833984375 0.05224609375
0 0.166259765625 0.43505859375 0.06591796875 0.072265625
0 0.229248046875 0.4326171875 0.10791015625 0.1201171875
0 0.14501953125 0.583251953125 0.076171875 0.07568359375
0 0.226318359375 0.629150390625 0.09033203125 0.06103515625
0 0.2158203125 0.556640625 0.0615234375 0.0849609375
0 0.260498046875 0.49658203125 0.02978515625 0.0283203125
0 0.39501953125 0.400390625 0.048828125 0.0419921875
0 0.367919921875 0.58349609375 0.05419921875 0.0517578125
0 0.425048828125 0.604248046875 0.05517578125 0.04931640625
0 0.465576171875 0.6103515625 0.03662109375 0.0439453125
0 0.4404296875 0.491943359375 0.0517578125 0.06298828125
0 0.508544921875 0.459716796875 0.03955078125 0.04443359375
0 0.53759765625 0.38525390625 0.0419921875 0.0458984375
0 0.62841796875 0.334716796875 0.0732421875 0.10791015625
0 0.58154296875 0.520263671875 0.052734375 0.11279296875
0 0.593994140625 0.50927734375 0.03076171875 0.03125
0 0.149169921875 0.757568359375 0.06787109375 0.08837890625
0 0.277587890625 0.72119140625 0.07275390625 0.0693359375
0 0.305419921875 0.658935546875 0.04736328125 0.04833984375
0 0.2724609375 0.662841796875 0.0224609375 0.03076171875
0 0.35546875 0.682373046875 0.06640625 0.07080078125
0 0.370361328125 0.7919921875 0.04638671875 0.0380859375
0 0.443603515625 0.789794921875 0.04443359375 0.05810546875
0 0.55615234375 0.72509765625 0.0703125 0.0693359375
0 0.5048828125 0.7666015625 0.0693359375 0.0634765625
0 0.650634765625 0.779052734375 0.05517578125 0.08056640625
0 0.517333984375 0.87548828125 0.06396484375 0.125
0 0.464599609375 0.885986328125 0.05517578125 0.06298828125
0 0.401611328125 0.73828125 0.02587890625 0.02734375
0 0.294677734375 0.76904296875 0.03173828125 0.0244140625
0 0.332275390625 0.7216796875 0.03955078125 0.0263671875
0 0.389892578125 0.89453125 0.07275390625 0.0400390625
0 0.4521484375 0.844970703125 0.025390625 0.02978515625
0 0.41943359375 0.67822265625 0.05078125 0.0439453125
0 0.5009765625 0.655517578125 0.05078125 0.04052734375
0 0.54345703125 0.672119140625 0.03125 0.02392578125
0 0.635986328125 0.6806640625 0.03955078125 0.0615234375
0 0.6806640625 0.59521484375 0.0419921875 0.033203125
0 0.69287109375 0.57275390625 0.0283203125 0.0283203125
0 0.701416015625 0.54736328125 0.03466796875 0.0380859375
0 0.211669921875 0.918701171875 0.04736328125 0.03857421875
0 0.21337890625 0.964111328125 0.0498046875 0.05322265625
0 0.603515625 0.081787109375 0.0458984375 0.04150390625
0 0.619140625 0.112548828125 0.048828125 0.04443359375
0 0.583251953125 0.099853515625 0.03466796875 0.03662109375
0 0.750732421875 0.0166015625 0.04150390625 0.033203125
0 0.72412109375 0.0537109375 0.0498046875 0.046875
0 0.847412109375 0.1533203125 0.06884765625 0.0634765625
0 0.835205078125 0.084716796875 0.02880859375 0.02880859375
0 0.681640625 0.218505859375 0.029296875 0.02197265625
0 0.66357421875 0.23193359375 0.0390625 0.033203125
0 0.7578125 0.135009765625 0.0791015625 0.06103515625
0 0.763671875 0.07421875 0.05078125 0.07421875
0 0.90234375 0.224853515625 0.0859375 0.06005859375
0 0.968994140625 0.169189453125 0.06103515625 0.08740234375
0 0.966064453125 0.051513671875 0.04443359375 0.05322265625
0 0.98095703125 0.0673828125 0.037109375 0.0498046875
0 0.9794921875 0.109619140625 0.0400390625 0.04833984375
0 0.916015625 0.1650390625 0.0654296875 0.0517578125
0 0.9287109375 0.033203125 0.033203125 0.0380859375
0 0.4423828125 0.9296875 0.068359375 0.0556640625
0 0.56103515625 0.963134765625 0.072265625 0.07275390625
0 0.656494140625 0.849609375 0.06494140625 0.03515625
0 0.6240234375 0.931396484375 0.0849609375 0.09716796875
0 0.808349609375 0.85791015625 0.04638671875 0.05078125
0 0.8359375 0.927490234375 0.072265625 0.07861328125
0 0.931640625 0.9453125 0.0546875 0.0537109375
0 0.88720703125 0.913330078125 0.0712890625 0.09814453125
0 0.8115234375 0.978515625 0.0517578125 0.0419921875
0 0.683349609375 0.951904296875 0.04150390625 0.04736328125
0 0.916015625 0.7060546875 0.0419921875 0.037109375
0 0.802978515625 0.7587890625 0.08251953125 0.0634765625
0 0.750732421875 0.781982421875 0.05712890625 0.03466796875
0 0.8857421875 0.75244140625 0.0234375 0.0341796875
0 0.822021484375 0.6328125 0.04736328125 0.041015625
0 0.701904296875 0.67236328125 0.04736328125 0.0576171875
0 0.760009765625 0.5791015625 0.10791015625 0.076171875
0 0.88916015625 0.53857421875 0.0498046875 0.041015625
0 0.766845703125 0.502685546875 0.08544921875 0.03759765625
0 0.7421875 0.467529296875 0.03515625 0.03369140625
0 0.679443359375 0.47265625 0.10498046875 0.0732421875
0 0.416259765625 0.53173828125 0.03271484375 0.0439453125
0 0.6181640625 0.57568359375 0.0283203125 0.03125
0 0.664794921875 0.567626953125 0.04052734375 0.04931640625
0 0.56640625 0.647705078125 0.029296875 0.02685546875
0 0.8251953125 0.607666015625 0.0400390625 0.02783203125
0 0.656005859375 0.407958984375 0.07958984375 0.08154296875
0 0.679443359375 0.35888671875 0.06005859375 0.0869140625
0 0.677734375 0.297607421875 0.04296875 0.04541015625
0 0.760009765625 0.31201171875 0.03662109375 0.064453125
0 0.75439453125 0.36279296875 0.0302734375 0.02734375
0 0.85888671875 0.3994140625 0.0810546875 0.0947265625
0 0.921142578125 0.3291015625 0.05810546875 0.046875
0 0.91064453125 0.368896484375 0.0380859375 0.04736328125
0 0.980224609375 0.3115234375 0.03857421875 0.0732421875
0 0.968994140625 0.5576171875 0.04052734375 0.0419921875
0 0.982666015625 0.51171875 0.03369140625 0.056640625
0 0.9560546875 0.50830078125 0.044921875 0.04296875
0 0.73193359375 0.2734375 0.0419921875 0.033203125
0 0.81689453125 0.25439453125 0.115234375 0.080078125
0 0.827392578125 0.66650390625 0.05126953125 0.04296875
0 0.540771484375 0.647216796875 0.02978515625 0.03369140625
0 0.825927734375 0.70458984375 0.07763671875 0.0556640625
0 0.477294921875 0.611083984375 0.06787109375 0.07958984375
0 0.031494140625 0.20166015625 0.03369140625 0.0263671875
0 0.03466796875 0.062744140625 0.0625 0.05419921875
0 0.16455078125 0.03076171875 0.044921875 0.0615234375
0 0.101806640625 0.182373046875 0.04931640625 0.06396484375
0 0.265625 0.176513671875 0.02734375 0.03271484375
0 0.038818359375 0.16064453125 0.05126953125 0.05859375
0 0.03662109375 0.113037109375 0.05078125 0.03564453125
0 0.141845703125 0.21923828125 0.04833984375 0.052734375
0 0.013671875 0.22216796875 0.02734375 0.0517578125
0 0.077880859375 0.34423828125 0.03662109375 0.0380859375
0 0.02734375 0.35986328125 0.0546875 0.0458984375
0 0.25 0.35400390625 0.0615234375 0.044921875
0 0.46533203125 0.132568359375 0.0537109375 0.08935546875
0 0.4189453125 0.161376953125 0.05078125 0.04150390625
0 0.441650390625 0.069580078125 0.04931640625 0.04833984375
0 0.326171875 0.045654296875 0.0498046875 0.09130859375
0 0.35595703125 0.116943359375 0.03515625 0.04345703125
0 0.3720703125 0.057861328125 0.04296875 0.03955078125
0 0.332275390625 0.212158203125 0.06787109375 0.03857421875
0 0.34375 0.180908203125 0.0693359375 0.05126953125
0 0.483642578125 0.051513671875 0.04833984375 0.09228515625
0 0.54833984375 0.19482421875 0.0791015625 0.0615234375
0 0.484130859375 0.22265625 0.08935546875 0.08984375
0 0.46484375 0.266845703125 0.0625 0.07080078125
0 0.5498046875 0.0888671875 0.033203125 0.0322265625
0 0.129150390625 0.450927734375 0.05517578125 0.06787109375
0 0.149169921875 0.51025390625 0.05029296875 0.052734375
0 0.1962890625 0.466064453125 0.0439453125 0.03369140625
0 0.05615234375 0.520263671875 0.076171875 0.09619140625
0 0.016845703125 0.535400390625 0.03369140625 0.05224609375
0 0.359375 0.53662109375 0.0576171875 0.0556640625
0 0.339599609375 0.594970703125 0.06396484375 0.07763671875
0 0.468505859375 0.378173828125 0.09912109375 0.09326171875
0 0.456298828125 0.42822265625 0.09521484375 0.0693359375
0 0.202880859375 0.318115234375 0.04833984375 0.04150390625
0 0.594970703125 0.42236328125 0.05615234375 0.0625
0 0.07177734375 0.64306640625 0.0390625 0.0537109375
0 0.027587890625 0.665771484375 0.05029296875 0.05419921875
0 0.17236328125 0.807373046875 0.05078125 0.05322265625
0 0.1298828125 0.689697265625 0.0595703125 0.05322265625
0 0.197265625 0.690185546875 0.0751953125 0.08056640625
0 0.38427734375 0.8134765625 0.1044921875 0.107421875
0 0.354736328125 0.76220703125 0.07373046875 0.080078125
0 0.41162109375 0.870849609375 0.0751953125 0.06982421875
0 0.57470703125 0.77685546875 0.0791015625 0.0810546875
0 0.42041015625 0.72021484375 0.0419921875 0.046875
0 0.416259765625 0.656005859375 0.10986328125 0.04541015625
0 0.593017578125 0.64501953125 0.05419921875 0.0712890625
0 0.643798828125 0.547119140625 0.08154296875 0.04052734375
0 0.664306640625 0.626953125 0.05419921875 0.0595703125
0 0.62548828125 0.887451171875 0.0380859375 0.05029296875
0 0.530517578125 0.7998046875 0.03564453125 0.0380859375
0 0.593505859375 0.046875 0.09228515625 0.0859375
0 0.62939453125 0.135009765625 0.1015625 0.08642578125
0 0.85791015625 0.108154296875 0.0576171875 0.04150390625
0 0.71630859375 0.09228515625 0.0791015625 0.05859375
0 0.921630859375 0.100341796875 0.05810546875 0.06103515625
0 0.900390625 0.062744140625 0.0556640625 0.05224609375
0 0.599853515625 0.873046875 0.02490234375 0.025390625
0 0.5703125 0.864990234375 0.0498046875 0.07373046875
0 0.6826171875 0.83642578125 0.0380859375 0.04296875
0 0.98486328125 0.763427734375 0.029296875 0.07275390625
0 0.855224609375 0.754638671875 0.06201171875 0.09033203125
0 0.90966796875 0.656005859375 0.0751953125 0.11962890625
0 0.86279296875 0.660888671875 0.0478515625 0.07763671875
0 0.8564453125 0.563232421875 0.1015625 0.05224609375
0 0.763427734375 0.531982421875 0.09033203125 0.03955078125
0 0.698974609375 0.523193359375 0.04833984375 0.04345703125
0 0.88671875 0.496337890625 0.0546875 0.04833984375
0 0.45458984375 0.535888671875 0.0576171875 0.05712890625
0 0.978759765625 0.640625 0.04150390625 0.06640625
0 0.721435546875 0.30908203125 0.05322265625 0.056640625
0 0.7294921875 0.3623046875 0.0478515625 0.080078125
0 0.752197265625 0.413330078125 0.03857421875 0.06103515625
0 0.7958984375 0.438720703125 0.078125 0.07763671875
0 0.794921875 0.39990234375 0.0498046875 0.041015625
0 0.83447265625 0.370849609375 0.0703125 0.05517578125
0 0.808837890625 0.3134765625 0.06298828125 0.06640625
0 0.861572265625 0.318115234375 0.04736328125 0.06689453125
0 0.946044921875 0.374267578125 0.04736328125 0.05712890625
0 0.944091796875 0.413330078125 0.05322265625 0.05419921875
0 0.423583984375 0.62890625 0.04638671875 0.0263671875
0 0.310546875 0.400390625 0.0400390625 0.06640625
0 0.287841796875 0.07958984375 0.03466796875 0.0390625
0 0.28369140625 0.124755859375 0.0224609375 0.02490234375
0 0.107666015625 0.065673828125 0.04345703125 0.04052734375
0 0.078125 0.109130859375 0.0419921875 0.04931640625
0 0.2177734375 0.25830078125 0.05859375 0.078125
0 0.21875 0.1533203125 0.046875 0.0625
0 0.273193359375 0.03076171875 0.07568359375 0.0615234375
0 0.2353515625 0.068115234375 0.0849609375 0.05908203125
0 0.14013671875 0.293212890625 0.0771484375 0.07763671875
0 0.295654296875 0.33837890625 0.05615234375 0.0771484375
0 0.334716796875 0.336669921875 0.04736328125 0.05029296875
0 0.3671875 0.378662109375 0.0888671875 0.07666015625
0 0.25830078125 0.309326171875 0.04296875 0.04052734375
0 0.417236328125 0.30712890625 0.04931640625 0.052734375
0 0.3681640625 0.29248046875 0.0732421875 0.0703125
0 0.32421875 0.25439453125 0.0390625 0.0556640625
0 0.404296875 0.131103515625 0.064453125 0.04638671875
0 0.5146484375 0.06640625 0.0439453125 0.0615234375
0 0.314697265625 0.160888671875 0.06298828125 0.06103515625
0 0.559326171875 0.285888671875 0.04833984375 0.06591796875
0 0.55126953125 0.022705078125 0.080078125 0.04541015625
0 0.559326171875 0.362060546875 0.04345703125 0.04833984375
0 0.066162109375 0.436767578125 0.07666015625 0.06396484375
0 0.087890625 0.416748046875 0.046875 0.04150390625
0 0.038330078125 0.601806640625 0.07666015625 0.07373046875
0 0.133056640625 0.6435546875 0.06787109375 0.0546875
0 0.260986328125 0.5654296875 0.04931640625 0.0478515625
0 0.287109375 0.598388671875 0.044921875 0.04345703125
0 0.326416015625 0.483642578125 0.07666015625 0.06494140625
0 0.324951171875 0.438232421875 0.08447265625 0.04443359375
0 0.396484375 0.44384765625 0.0615234375 0.0576171875
0 0.3076171875 0.546142578125 0.0517578125 0.06884765625
0 0.388427734375 0.513671875 0.05126953125 0.076171875
0 0.5361328125 0.45703125 0.0380859375 0.0595703125
0 0.54248046875 0.5224609375 0.0478515625 0.0400390625
0 0.55224609375 0.580078125 0.068359375 0.0595703125
0 0.057861328125 0.7412109375 0.10009765625 0.099609375
0 0.253662109375 0.694580078125 0.03076171875 0.04345703125
0 0.305419921875 0.8017578125 0.05322265625 0.046875
0 0.5859375 0.8408203125 0.078125 0.0634765625
0 0.62744140625 0.82275390625 0.0576171875 0.0576171875
0 0.506103515625 0.70849609375 0.03564453125 0.0498046875
0 0.592529296875 0.70068359375 0.05029296875 0.0478515625
0 0.696533203125 0.76025390625 0.07568359375 0.099609375
0 0.650634765625 0.078369140625 0.05908203125 0.04541015625
0 0.68359375 0.046875 0.046875 0.056640625
0 0.685546875 0.254638671875 0.068359375 0.05517578125
0 0.72314453125 0.1748046875 0.0478515625 0.0537109375
0 0.795654296875 0.09814453125 0.06689453125 0.0625
0 0.794677734375 0.207763671875 0.10205078125 0.08740234375
0 0.963134765625 0.2548828125 0.07275390625 0.07421875
0 0.726806640625 0.85498046875 0.06689453125 0.072265625
0 0.761474609375 0.81103515625 0.07958984375 0.05859375
0 0.78515625 0.7099609375 0.03515625 0.0576171875
0 0.732177734375 0.6865234375 0.07568359375 0.0830078125
0 0.743408203125 0.6201171875 0.06005859375 0.0546875
0 0.84130859375 0.507080078125 0.0791015625 0.06298828125
0 0.64453125 0.50341796875 0.07421875 0.056640625
0 0.892822265625 0.435791015625 0.06884765625 0.07177734375
0 0.7119140625 0.422607421875 0.0625 0.04638671875
0 0.810791015625 0.471435546875 0.06005859375 0.04931640625
0 0.87841796875 0.2939453125 0.04296875 0.0361328125
0 0.963623046875 0.414306640625 0.07177734375 0.12255859375
0 0.20849609375 0.5166015625 0.0615234375 0.064453125
