0 0.13916015625 0.322509765625 0.0478515625 0.04443359375
0 0.359375 0.890625 0.03515625 0.03515625
0 0.438232421875 0.7392578125 0.03173828125 0.0234375
0 0.8603515625 0.31787109375 0.0908203125 0.06640625
0 0.60888671875 0.67138671875 0.0341796875 0.0244140625
0 0.6181640625 0.6923828125 0.0283203125 0.0283203125
0 0.0634765625 0.02880859375 0.0732421875 0.0556640625
0 0.102294921875 0.07666015625 0.03076171875 0.044921875
0 0.095458984375 0.2001953125 0.03369140625 0.0458984375
0 0.06689453125 0.193115234375 0.0439453125 0.04931640625
0 0.212646484375 0.254638671875 0.03955078125 0.04736328125
0 0.105712890625 0.3642578125 0.04443359375 0.0458984375
0 0.295166015625 0.3642578125 0.03662109375 0.03515625
0 0.21533203125 0.4375 0.048828125 0.0341796875
0 0.2099609375 0.41259765625 0.0712890625 0.06640625
0 0.114013671875 0.447265625 0.03564453125 0.044921875
0 0.072265625 0.80615234375 0.0712890625 0.076171875
0 0.149658203125 0.737060546875 0.06787109375 0.06689453125
0 0.027587890625 0.94140625 0.05517578125 0.044921875
0 0.0458984375 0.979248046875 0.0517578125 0.04052734375
0 0.3525390625 0.984619140625 0.0390625 0.02978515625
0 0.280517578125 0.91943359375 0.02587890625 0.0576171875
0 0.21826171875 0.02197265625 0.0361328125 0.0439453125
0 0.26806640625 0.055908203125 0.0302734375 0.04931640625
0 0.41162109375 0.144775390625 0.0400390625 0.03759765625
0 0.47900390625 0.115478515625 0.0234375 0.05615234375
0 0.458740234375 0.216796875 0.03955078125 0.0390625
0 0.39599609375 0.82861328125 0.044921875 0.0595703125
0 0.435791015625 0.8232421875 0.04833984375 0.0517578125
0 0.575927734375 0.9833984375 0.04541015625 0.0322265625
0 0.372802734375 0.752685546875 0.03955078125 0.03076171875
0 0.4091796875 0.751953125 0.03515625 0.0224609375
0 0.484619140625 0.730224609375 0.04150390625 0.04638671875
0 0.300048828125 0.639892578125 0.03173828125 0.04541015625
0 0.16943359375 0.53173828125 0.0419921875 0.0361328125
0 0.22900390625 0.547607421875 0.0595703125 0.06201171875
0 0.28564453125 0.451416015625 0.0615234375 0.04833984375
0 0.5556640625 0.563232421875 0.0869140625 0.06689453125
0 0.596435546875 0.435546875 0.04248046875 0.0380859375
0 0.590576171875 0.476806640625 0.05615234375 0.04736328125
0 0.67236328125 0.36572265625 0.0576171875 0.056640625
0 0.58349609375 0.201416015625 0.0380859375 0.03173828125
0 0.625244140625 0.193603515625 0.06103515625 0.05517578125
0 0.5751953125 0.093994140625 0.04296875 0.05810546875
0 0.780517578125 0.0341796875 0.04736328125 0.0595703125
0 0.9609375 0.290771484375 0.064453125 0.06884765625
0 0.66845703125 0.43212890625 0.05859375 0.06640625
0 0.70166015625 0.478271484375 0.0595703125 0.04638671875
0 0.6220703125 0.786865234375 0.03515625 0.03173828125
0 0.5078125 0.587890625 0.033203125 0.0341796875
0 0.05126953125 0.077392578125 0.0439453125 0.06201171875
0 0.02001953125 0.080322265625 0.0400390625 0.04541015625
0 0.198974609375 0.048583984375 0.03076171875 0.03076171875
0 0.266357421875 0.105224609375 0.02880859375 0.03173828125
0 0.23681640625 0.0537109375 0.0537109375 0.107421875
0 0.22998046875 0.1396484375 0.03515625 0.0361328125
0 0.19970703125 0.1435546875 0.0390625 0.041015625
0 0.150146484375 0.11865234375 0.06689453125 0.068359375
0 0.236572265625 0.188232421875 0.06298828125 0.09912109375
0 0.10693359375 0.240966796875 0.0546875 0.04638671875
0 0.272216796875 0.205078125 0.02978515625 0.0400390625
0 0.300048828125 0.29052734375 0.03759765625 0.041015625
0 0.27734375 0.3291015625 0.0498046875 0.0546875
0 0.34716796875 0.311767578125 0.029296875 0.02685546875
0 0.35302734375 0.264404296875 0.0361328125 0.03857421875
0 0.312744140625 0.272216796875 0.05517578125 0.05322265625
0 0.115966796875 0.31494140625 0.03173828125 0.0224609375
0 0.018798828125 0.325439453125 0.02490234375 0.02880859375
0 0.087158203125 0.28857421875 0.10498046875 0.08984375
0 0.353759765625 0.19775390625 0.04443359375 0.0625
0 0.043212890625 0.387939453125 0.02685546875 0.02978515625
0 0.214111328125 0.28857421875 0.02099609375 0.0283203125
0 0.0185546875 0.34619140625 0.037109375 0.087890625
0 0.09375 0.47900390625 0.0380859375 0.060546875
0 0.15380859375 0.48583984375 0.0439453125 0.0439453125
0 0.125732421875 0.47509765625 0.02587890625 0.0302734375
0 0.140380859375 0.664306640625 0.03857421875 0.03173828125
0 0.081298828125 0.6748046875 0.02783203125 0.0263671875
0 0.08837890625 0.69580078125 0.01953125 0.025390625
0 0.11083984375 0.700927734375 0.0302734375 0.02880859375
0 0.110107421875 0.680908203125 0.03564453125 0.02392578125
0 0.061279296875 0.67041015625 0.02685546875 0.046875
0 0.0703125 0.70263671875 0.02734375 0.0361328125
0 0.175048828125 0.651123046875 0.06787109375 0.07958984375
0 0.200927734375 0.576904296875 0.03173828125 0.03564453125
0 0.225830078125 0.59423828125 0.03173828125 0.03515625
0 0.050048828125 0.748779296875 0.04150390625 0.05615234375
0 0.02392578125 0.810302734375 0.0478515625 0.07763671875
0 0.033447265625 0.8583984375 0.06689453125 0.0625
0 0.029541015625 0.90283203125 0.05322265625 0.0390625
0 0.07958984375 0.97509765625 0.037109375 0.0341796875
0 0.099365234375 0.86865234375 0.03271484375 0.029296875
0 0.073974609375 0.865478515625 0.02001953125 0.03173828125
0 0.230712890625 0.99267578125 0.02978515625 0.013671875
0 0.1787109375 0.984130859375 0.080078125 0.03076171875
0 0.289794921875 0.986572265625 0.06298828125 0.02587890625
0 0.333740234375 0.988037109375 0.03369140625 0.02294921875
0 0.373291015625 0.948974609375 0.06787109375 0.05419921875
0 0.393310546875 0.976806640625 0.05712890625 0.04541015625
0 0.41845703125 0.87255859375 0.025390625 0.025390625
0 0.428955078125 0.85400390625 0.03857421875 0.025390625
0 0.46240234375 0.89453125 0.0205078125 0.0244140625
0 0.456298828125 0.864501953125 0.05224609375 0.04443359375
0 0.505615234375 0.87451171875 0.06494140625 0.0556640625
0 0.33935546875 0.119384765625 0.0263671875 0.02392578125
0 0.36767578125 0.10107421875 0.0126953125 0.0234375
0 0.4443359375 0.16455078125 0.05078125 0.044921875
0 0.3525390625 0.047607421875 0.0791015625 0.06982421875
0 0.33447265625 0.014404296875 0.0537109375 0.02880859375
0 0.458251953125 0.149658203125 0.04443359375 0.04052734375
0 0.421142578125 0.121826171875 0.04638671875 0.04345703125
0 0.523681640625 0.065185546875 0.05615234375 0.05615234375
0 0.529052734375 0.1796875 0.08837890625 0.087890625
0 0.416748046875 0.217041015625 0.05810546875 0.05810546875
0 0.404052734375 0.18798828125 0.02783203125 0.0205078125
0 0.43798828125 0.263427734375 0.0556640625 0.02978515625
0 0.39306640625 0.28466796875 0.05078125 0.068359375
0 0.226318359375 0.76171875 0.08544921875 0.1015625
0 0.7607421875 0.78857421875 0.0712890625 0.0927734375
0 0.790771484375 0.900146484375 0.05908203125 0.05322265625
0 0.933349609375 0.867431640625 0.07568359375 0.07666015625
0 0.968505859375 0.88232421875 0.06201171875 0.083984375
0 0.86083984375 0.777587890625 0.0400390625 0.04541015625
0 0.896240234375 0.6826171875 0.02880859375 0.02734375
0 0.916748046875 0.691650390625 0.01708984375 0.01708984375
0 0.816650390625 0.681640625 0.05615234375 0.046875
0 0.54052734375 0.824951171875 0.0654296875 0.05517578125
0 0.48193359375 0.809814453125 0.0458984375 0.05517578125
0 0.505615234375 0.77392578125 0.05810546875 0.046875
0 0.473876953125 0.751220703125 0.04833984375 0.04736328125
0 0.448974609375 0.782958984375 0.05419921875 0.05224609375
0 0.411865234375 0.726806640625 0.04736328125 0.03759765625
0 0.449951171875 0.71533203125 0.03466796875 0.02734375
0 0.35400390625 0.65234375 0.0966796875 0.095703125
0 0.3251953125 0.576904296875 0.0537109375 0.07177734375
0 0.17138671875 0.562744140625 0.03125 0.04150390625
0 0.1904296875 0.548583984375 0.0234375 0.03173828125
0 0.232421875 0.499267578125 0.0634765625 0.07568359375
0 0.322021484375 0.523681640625 0.04443359375 0.03759765625
0 0.353515625 0.521240234375 0.044921875 0.04443359375
0 0.3525390625 0.405517578125 0.015625 0.02099609375
0 0.507568359375 0.48193359375 0.05908203125 0.0615234375
0 0.576904296875 0.535888671875 0.04541015625 0.03955078125
0 0.564453125 0.39794921875 0.0224609375 0.03125
0 0.564697265625 0.4248046875 0.02685546875 0.02734375
0 0.642578125 0.444580078125 0.017578125 0.02490234375
0 0.563720703125 0.453369140625 0.03857421875 0.03857421875
0 0.5986328125 0.39013671875 0.0498046875 0.0625
0 0.595703125 0.349609375 0.060546875 0.0830078125
0 0.65625 0.341064453125 0.03515625 0.02490234375
0 0.682861328125 0.32421875 0.03759765625 0.0341796875
0 0.55419921875 0.26220703125 0.0537109375 0.048828125
0 0.557861328125 0.2275390625 0.05224609375 0.0302734375
0 0.66552734375 0.216064453125 0.0458984375 0.02587890625
0 0.61083984375 0.263916015625 0.0361328125 0.03955078125
0 0.6611328125 0.16650390625 0.087890625 0.08203125
0 0.757568359375 0.228515625 0.09228515625 0.068359375
0 0.796142578125 0.190185546875 0.06005859375 0.03173828125
0 0.81494140625 0.3359375 0.0361328125 0.0390625
0 0.600341796875 0.028076171875 0.03466796875 0.02978515625
0 0.769287109375 0.123291015625 0.03564453125 0.02978515625
0 0.802734375 0.14306640625 0.076171875 0.078125
0 0.855712890625 0.18017578125 0.09033203125 0.0791015625
0 0.9501953125 0.0771484375 0.072265625 0.064453125
0 0.983642578125 0.016357421875 0.03173828125 0.03271484375
0 0.896240234375 0.295166015625 0.03271484375 0.02880859375
0 0.718017578125 0.4306640625 0.03271484375 0.033203125
0 0.860595703125 0.398193359375 0.07763671875 0.06103515625
0 0.8115234375 0.49072265625 0.03515625 0.025390625
0 0.709228515625 0.526123046875 0.06201171875 0.05712890625
0 0.649658203125 0.58935546875 0.03759765625 0.041015625
0 0.89990234375 0.43310546875 0.0419921875 0.0439453125
0 0.970947265625 0.5205078125 0.02978515625 0.02734375
0 0.915283203125 0.560302734375 0.06494140625 0.05322265625
0 0.42431640625 0.515380859375 0.078125 0.07275390625
0 0.186279296875 0.486328125 0.03173828125 0.0498046875
0 0.1103515625 0.88037109375 0.021484375 0.021484375
0 0.06298828125 0.892822265625 0.0185546875 0.02880859375
0 0.1279296875 0.8203125 0.0693359375 0.078125
0 0.02392578125 0.120361328125 0.0478515625 0.05712890625
0 0.126953125 0.145751953125 0.060546875 0.05322265625
0 0.067138671875 0.091064453125 0.04638671875 0.06787109375
0 0.0439453125 0.14404296875 0.08203125 0.0556640625
0 0.181884765625 0.1845703125 0.05615234375 0.05859375
0 0.135498046875 0.2001953125 0.05419921875 0.0634765625
0 0.012939453125 0.20703125 0.02587890625 0.05859375
0 0.03125 0.2431640625 0.0625 0.0654296875
0 0.178955078125 0.25341796875 0.03955078125 0.0517578125
0 0.344482421875 0.341796875 0.05224609375 0.0595703125
0 0.0556640625 0.334716796875 0.0625 0.09228515625
0 0.141357421875 0.343017578125 0.04638671875 0.04052734375
0 0.076904296875 0.39794921875 0.06396484375 0.0654296875
0 0.258544921875 0.359619140625 0.04248046875 0.03466796875
0 0.139892578125 0.40380859375 0.08154296875 0.083984375
0 0.234130859375 0.33740234375 0.04248046875 0.072265625
0 0.240478515625 0.288818359375 0.03369140625 0.04150390625
0 0.250244140625 0.273681640625 0.03662109375 0.05712890625
0 0.020751953125 0.42041015625 0.04150390625 0.0673828125
0 0.03857421875 0.464111328125 0.0771484375 0.09130859375
0 0.112060546875 0.634765625 0.07080078125 0.0576171875
0 0.029296875 0.7265625 0.05859375 0.080078125
0 0.158935546875 0.783447265625 0.03857421875 0.04248046875
0 0.095947265625 0.84375 0.05517578125 0.0380859375
0 0.233642578125 0.9443359375 0.06494140625 0.0654296875
0 0.249755859375 0.913330078125 0.03662109375 0.03955078125
0 0.202392578125 0.88818359375 0.04638671875 0.0478515625
0 0.24365234375 0.87841796875 0.0546875 0.060546875
0 0.3115234375 0.95751953125 0.060546875 0.0400390625
0 0.44189453125 0.981201171875 0.041015625 0.03662109375
0 0.484130859375 0.968017578125 0.06982421875 0.06298828125
0 0.54736328125 0.953125 0.076171875 0.0830078125
0 0.58984375 0.901611328125 0.0947265625 0.10888671875
0 0.304443359375 0.1591796875 0.09326171875 0.1005859375
0 0.376220703125 0.145263671875 0.06103515625 0.05517578125
0 0.339111328125 0.10302734375 0.05419921875 0.0439453125
0 0.40673828125 0.017333984375 0.0478515625 0.03466796875
0 0.491943359375 0.2294921875 0.06005859375 0.08203125
0 0.439453125 0.296142578125 0.048828125 0.04443359375
0 0.18408203125 0.8447265625 0.0693359375 0.0771484375
0 0.2978515625 0.8095703125 0.08203125 0.046875
0 0.3662109375 0.810791015625 0.064453125 0.08642578125
0 0.691650390625 0.9404296875 0.06201171875 0.0517578125
0 0.713623046875 0.894775390625 0.06689453125 0.05810546875
0 0.76904296875 0.9541015625 0.056640625 0.060546875
0 0.739501953125 0.849609375 0.06787109375 0.0615234375
0 0.854248046875 0.962646484375 0.06884765625 0.06884765625
0 0.875244140625 0.91064453125 0.04638671875 0.037109375
0 0.973876953125 0.79345703125 0.05029296875 0.056640625
0 0.346923828125 0.714111328125 0.04541015625 0.04150390625
0 0.472412109375 0.680908203125 0.06689453125 0.06298828125
0 0.41015625 0.686767578125 0.0654296875 0.07373046875
0 0.257568359375 0.649658203125 0.06689453125 0.06201171875
0 0.38134765625 0.570068359375 0.060546875 0.08251953125
0 0.2646484375 0.587890625 0.056640625 0.056640625
0 0.3544921875 0.45703125 0.0810546875 0.083984375
0 0.631103515625 0.35595703125 0.02197265625 0.05078125
0 0.48193359375 0.335693359375 0.0751953125 0.05517578125
0 0.601318359375 0.2265625 0.04052734375 0.0439453125
0 0.763427734375 0.287109375 0.08056640625 0.07421875
0 0.5576171875 0.02587890625 0.04296875 0.0517578125
0 0.68115234375 0.03271484375 0.169921875 0.0654296875
0 0.84130859375 0.037841796875 0.0576171875 0.06787109375
0 0.84912109375 0.147705078125 0.048828125 0.08056640625
0 0.853515625 0.2470703125 0.08984375 0.0732421875
0 0.75146484375 0.398193359375 0.044921875 0.04736328125
0 0.6259765625 0.539306640625 0.0654296875 0.06005859375
0 0.947021484375 0.39794921875 0.08544921875 0.0673828125
0 0.897216796875 0.4970703125 0.07958984375 0.0634765625
0 0.561767578125 0.6025390625 0.05712890625 0.056640625
0 0.6181640625 0.63671875 0.0556640625 0.0498046875
0 0.650390625 0.678466796875 0.0537109375 0.04248046875
0 0.551513671875 0.65576171875 0.08544921875 0.0595703125
0 0.671142578125 0.535888671875 0.03564453125 0.04345703125
0 0.974365234375 0.623779296875 0.05029296875 0.07373046875
0 0.53759765625 0.426025390625 0.048828125 0.08740234375
0 0.449951171875 0.01513671875 0.05615234375 0.0302734375
0 0.202392578125 0.106689453125 0.05615234375 0.04638671875
0 0.154541015625 0.066650390625 0.08447265625 0.06005859375
0 0.096923828125 0.16357421875 0.03076171875 0.0361328125
0 0.19580078125 0.317626953125 0.0517578125 0.07275390625
0 0.063232421875 0.524658203125 0.07568359375 0.06494140625
0 0.045654296875 0.5888671875 0.06396484375 0.05859375
0 0.021484375 0.651611328125 0.04296875 0.05029296875
0 0.171630859375 0.93701171875 0.05615234375 0.0546875
0 0.418212890625 0.8955078125 0.02978515625 0.0263671875
0 0.480224609375 0.041015625 0.08935546875 0.078125
0 0.432373046875 0.073974609375 0.05615234375 0.05810546875
0 0.52392578125 0.11474609375 0.0595703125 0.0498046875
0 0.291748046875 0.7392578125 0.05908203125 0.0517578125
0 0.6962890625 0.978759765625 0.060546875 0.04150390625
0 0.64013671875 0.876708984375 0.07421875 0.08154296875
0 0.668212890625 0.817626953125 0.08251953125 0.07568359375
0 0.923095703125 0.749267578125 0.07763671875 0.07080078125
0 0.29443359375 0.497802734375 0.0732421875 0.06591796875
0 0.405517578125 0.48486328125 0.07080078125 0.068359375
0 0.330322265625 0.416748046875 0.03759765625 0.03759765625
0 0.4443359375 0.427001953125 0.0859375 0.06591796875
0 0.4775390625 0.54833984375 0.064453125 0.0478515625
0 0.573486328125 0.509765625 0.07861328125 0.0361328125
0 0.622802734375 0.406005859375 0.04833984375 0.05615234375
0 0.546630859375 0.338134765625 0.06689453125 0.09423828125
0 0.622314453125 0.07275390625 0.09423828125 0.080078125
0 0.92578125 0.198974609375 0.0537109375 0.04345703125
0 0.81396484375 0.524658203125 0.0498046875 0.04443359375
0 0.51806640625 0.638427734375 0.0390625 0.05029296875
0 0.611083984375 0.59326171875 0.04443359375 0.05859375
0 0.5478515625 0.726318359375 0.0986328125 0.09326171875
0 0.700927734375 0.589599609375 0.06884765625 0.07958984375
