0 0.1435546875 0.048828125 0.0693359375 0.09765625
0 0.095703125 0.032470703125 0.0458984375 0.06494140625
0 0.097900390625 0.0849609375 0.07861328125 0.072265625
0 0.040283203125 0.048095703125 0.08056640625 0.09619140625
0 0.15869140625 0.180908203125 0.10546875 0.07958984375
0 0.1455078125 0.114990234375 0.0390625 0.03759765625
0 0.15966796875 0.128173828125 0.0400390625 0.03271484375
0 0.333984375 0.19091796875 0.0810546875 0.078125
0 0.018798828125 0.29150390625 0.03759765625 0.041015625
0 0.017578125 0.244384765625 0.03515625 0.07177734375
0 0.136962890625 0.312744140625 0.06396484375 0.05615234375
0 0.182861328125 0.263916015625 0.03564453125 0.03076171875
0 0.15185546875 0.262939453125 0.0439453125 0.04248046875
0 0.18115234375 0.324462890625 0.09375 0.07177734375
0 0.28515625 0.216796875 0.0419921875 0.0439453125
0 0.363037109375 0.232177734375 0.03076171875 0.03369140625
0 0.16259765625 0.416748046875 0.046875 0.05126953125
0 0.079833984375 0.361572265625 0.05908203125 0.05615234375
0 0.120361328125 0.376953125 0.07666015625 0.0634765625
0 0.027099609375 0.374267578125 0.05419921875 0.03759765625
0 0.327392578125 0.3857421875 0.06982421875 0.064453125
0 0.3125 0.4638671875 0.07421875 0.0849609375
0 0.04833984375 0.514892578125 0.0966796875 0.10986328125
0 0.039794921875 0.638427734375 0.05517578125 0.07275390625
0 0.241943359375 0.608642578125 0.03466796875 0.03662109375
0 0.330810546875 0.678466796875 0.09130859375 0.08544921875
0 0.16552734375 0.654541015625 0.0458984375 0.05419921875
0 0.1298828125 0.649169921875 0.0322265625 0.03564453125
0 0.1298828125 0.68017578125 0.05078125 0.0400390625
0 0.108154296875 0.712646484375 0.05419921875 0.04150390625
0 0.03564453125 0.809326171875 0.03515625 0.05126953125
0 0.012451171875 0.770263671875 0.02490234375 0.04150390625
0 0.05859375 0.85107421875 0.078125 0.083984375
0 0.13134765625 0.91455078125 0.0908203125 0.0673828125
0 0.091064453125 0.929931640625 0.06689453125 0.05615234375
0 0.179443359375 0.858154296875 0.06689453125 0.05712890625
0 0.18798828125 0.880126953125 0.0546875 0.04736328125
0 0.1259765625 0.787353515625 0.0703125 0.06396484375
0 0.217041015625 0.90283203125 0.08447265625 0.08203125
0 0.11572265625 0.978515625 0.05078125 0.0419921875
0 0.067626953125 0.972412109375 0.07275390625 0.05419921875
0 0.38623046875 0.96337890625 0.0439453125 0.05859375
0 0.36865234375 0.951416015625 0.048828125 0.06201171875
0 0.31640625 0.925537109375 0.0859375 0.05810546875
0 0.416259765625 0.9169921875 0.06787109375 0.037109375
0 0.48974609375 0.975341796875 0.046875 0.04443359375
0 0.522216796875 0.9033203125 0.06591796875 0.103515625
0 0.54443359375 0.83349609375 0.087890625 0.09765625
0 0.584228515625 0.923095703125 0.05322265625 0.03466796875
0 0.352783203125 0.79345703125 0.03369140625 0.0283203125
0 0.32470703125 0.784912109375 0.0419921875 0.02978515625
0 0.283203125 0.7705078125 0.1005859375 0.0615234375
0 0.356201171875 0.73046875 0.07763671875 0.1259765625
0 0.59130859375 0.74658203125 0.0830078125 0.0537109375
0 0.65087890625 0.790771484375 0.0966796875 0.10009765625
0 0.656494140625 0.834716796875 0.04931640625 0.07666015625
0 0.7158203125 0.906005859375 0.060546875 0.04150390625
0 0.778564453125 0.97021484375 0.07470703125 0.05859375
0 0.8037109375 0.919921875 0.0556640625 0.0693359375
0 0.749755859375 0.92578125 0.05615234375 0.0673828125
0 0.83544921875 0.824462890625 0.046875 0.04443359375
0 0.9345703125 0.944580078125 0.0546875 0.05810546875
0 0.97216796875 0.979248046875 0.0546875 0.04052734375
0 0.907470703125 0.971435546875 0.08251953125 0.05615234375
0 0.87353515625 0.92333984375 0.056640625 0.0673828125
0 0.881591796875 0.93896484375 0.09326171875 0.12109375
0 0.87353515625 0.865966796875 0.0400390625 0.05322265625
0 0.93505859375 0.8603515625 0.048828125 0.048828125
0 0.97412109375 0.8505859375 0.05078125 0.078125
0 0.85009765625 0.77685546875 0.05078125 0.0361328125
0 0.78759765625 0.74560546875 0.0810546875 0.0693359375
0 0.798583984375 0.83935546875 0.02880859375 0.0478515625
0 0.936767578125 0.797119140625 0.05322265625 0.03369140625
0 0.73779296875 0.7060546875 0.0732421875 0.0849609375
0 0.628662109375 0.595947265625 0.07861328125 0.07568359375
0 0.884521484375 0.634521484375 0.13427734375 0.08837890625
0 0.970947265625 0.634521484375 0.05712890625 0.05419921875
0 0.63671875 0.487060546875 0.05859375 0.07080078125
0 0.951171875 0.483642578125 0.0419921875 0.04541015625
0 0.97119140625 0.502685546875 0.056640625 0.06884765625
0 0.79638671875 0.55615234375 0.103515625 0.0595703125
0 0.860107421875 0.51123046875 0.07568359375 0.103515625
0 0.800048828125 0.502197265625 0.04931640625 0.05615234375
0 0.808837890625 0.426513671875 0.05322265625 0.08251953125
0 0.880615234375 0.365966796875 0.08642578125 0.06689453125
0 0.80126953125 0.341796875 0.0830078125 0.0439453125
0 0.93212890625 0.27734375 0.05078125 0.0703125
0 0.653564453125 0.342529296875 0.05126953125 0.08056640625
0 0.97607421875 0.219970703125 0.046875 0.07275390625
0 0.98193359375 0.09716796875 0.03515625 0.0634765625
0 0.738525390625 0.209228515625 0.07861328125 0.04052734375
0 0.615966796875 0.155029296875 0.03955078125 0.05810546875
0 0.60400390625 0.208984375 0.0400390625 0.037109375
0 0.540771484375 0.710693359375 0.06201171875 0.07177734375
0 0.56201171875 0.6357421875 0.076171875 0.083984375
0 0.484130859375 0.48046875 0.06591796875 0.0732421875
0 0.448974609375 0.533447265625 0.09912109375 0.06201171875
0 0.430419921875 0.490234375 0.04443359375 0.0537109375
0 0.4609375 0.447021484375 0.0390625 0.03759765625
0 0.44189453125 0.672607421875 0.029296875 0.04443359375
0 0.598876953125 0.650390625 0.03564453125 0.056640625
0 0.3 0.392333984375 0.056640625 0.06005859375
0 0.449462890625 0.386474609375 0.04931640625 0.06982421875
0 0.3408203125 0.343505859375 0.091796875 0.05908203125
0 0.5166015625 0.248779296875 0.0322265625 0.03076171875
0 0.47802734375 0.271240234375 0.0859375 0.06494140625
0 0.404541015625 0.23046875 0.07861328125 0.0634765625
0 0.447265625 0.1904296875 0.0234375 0.0283203125
0 0.4072265625 0.20947265625 0.029296875 0.0322265625
0 0.43896484375 0.1279296875 0.0654296875 0.0458984375
0 0.5966796875 0.178955078125 0.0615234375 0.04638671875
0 0.83740234375 0.020263671875 0.1015625 0.04052734375
0 0.7998046875 0.0390625 0.08203125 0.0673828125
0 0.663330078125 0.068359375 0.05712890625 0.068359375
0 0.618896484375 0.04931640625 0.06494140625 0.0751953125
0 0.572998046875 0.083984375 0.05029296875 0.0732421875
0 0.51025390625 0.03662109375 0.0986328125 0.0732421875
0 0.452392578125 0.072021484375 0.02587890625 0.03466796875
0 0.457275390625 0.055419921875 0.07861328125 0.11083984375
0 0.976318359375 0.33349609375 0.04638671875 0.0595703125
0 0.979248046875 0.740234375 0.04052734375 0.0458984375
0 0.201904296875 0.0439453125 0.08447265625 0.0859375
0 0.22119140625 0.157470703125 0.04296875 0.05029296875
0 0.1201171875 0.12744140625 0.0419921875 0.06640625
0 0.35546875 0.125244140625 0.1064453125 0.08154296875
0 0.085205078125 0.21337890625 0.07275390625 0.064453125
0 0.069091796875 0.24609375 0.08544921875 0.1083984375
0 0.0556640625 0.32421875 0.0810546875 0.07421875
0 0.208740234375 0.27490234375 0.06494140625 0.0546875
0 0.280029296875 0.339111328125 0.05126953125 0.03662109375
0 0.029541015625 0.41943359375 0.05908203125 0.08203125
0 0.26611328125 0.404052734375 0.0966796875 0.08642578125
0 0.204345703125 0.416748046875 0.05517578125 0.06494140625
0 0.173828125 0.461669921875 0.0634765625 0.06884765625
0 0.115478515625 0.440185546875 0.06396484375 0.04345703125
0 0.1396484375 0.50048828125 0.107421875 0.044921875
0 0.1591796875 0.536865234375 0.0810546875 0.06494140625
0 0.1767578125 0.570556640625 0.0595703125 0.03857421875
0 0.27978515625 0.7216796875 0.0849609375 0.08984375
0 0.27685546875 0.644775390625 0.0830078125 0.07958984375
0 0.078125 0.79150390625 0.0625 0.0439453125
0 0.447265625 0.928466796875 0.02734375 0.02587890625
0 0.421630859375 0.9560546875 0.05615234375 0.064453125
0 0.464599609375 0.864990234375 0.08935546875 0.11767578125
0 0.5400390625 0.96044921875 0.0673828125 0.078125
0 0.482666015625 0.922119140625 0.07080078125 0.07177734375
0 0.347900390625 0.762451171875 0.03369140625 0.03759765625
0 0.383544921875 0.69580078125 0.03759765625 0.0546875
0 0.438232421875 0.7275390625 0.10986328125 0.0947265625
0 0.6181640625 0.948974609375 0.087890625 0.10107421875
0 0.692138671875 0.958984375 0.06005859375 0.0771484375
0 0.776123046875 0.842041015625 0.02294921875 0.05224609375
0 0.707763671875 0.769287109375 0.05615234375 0.07373046875
0 0.7451171875 0.7705078125 0.0322265625 0.0546875
0 0.927734375 0.731689453125 0.111328125 0.07373046875
0 0.763427734375 0.64208984375 0.05126953125 0.05859375
0 0.698486328125 0.512939453125 0.08544921875 0.07568359375
0 0.911865234375 0.49365234375 0.05126953125 0.072265625
0 0.9677734375 0.591064453125 0.0634765625 0.05810546875
0 0.877685546875 0.510498046875 0.03173828125 0.03759765625
0 0.722412109375 0.4443359375 0.07568359375 0.064453125
0 0.772216796875 0.46533203125 0.07275390625 0.056640625
0 0.970458984375 0.37451171875 0.05810546875 0.064453125
0 0.882568359375 0.259033203125 0.05224609375 0.07666015625
0 0.7958984375 0.23095703125 0.162109375 0.09765625
0 0.790771484375 0.296142578125 0.06005859375 0.07275390625
0 0.280517578125 0.9423828125 0.05810546875 0.0751953125
0 0.2373046875 0.944091796875 0.05859375 0.02490234375
0 0.9130859375 0.220703125 0.1005859375 0.1279296875
0 0.850341796875 0.068359375 0.09130859375 0.0947265625
0 0.75830078125 0.179443359375 0.0458984375 0.03662109375
0 0.496337890625 0.140869140625 0.03662109375 0.03369140625
0 0.731689453125 0.052490234375 0.08642578125 0.08837890625
0 0.7080078125 0.137939453125 0.0615234375 0.12841796875
0 0.565185546875 0.51123046875 0.09619140625 0.0849609375
0 0.52392578125 0.468505859375 0.10546875 0.08544921875
0 0.388427734375 0.435546875 0.14306640625 0.091796875
0 0.410400390625 0.27978515625 0.06884765625 0.0634765625
0 0.345703125 0.295654296875 0.0595703125 0.04931640625
0 0.4853515625 0.323486328125 0.0380859375 0.03955078125
0 0.48828125 0.1943359375 0.1044921875 0.103515625
0 0.23046875 0.861328125 0.0830078125 0.0849609375
0 0.359375 0.903076171875 0.056640625 0.04736328125
0 0.431640625 0.81787109375 0.091796875 0.09765625
0 0.697998046875 0.86083984375 0.05712890625 0.0751953125
0 0.610107421875 0.390625 0.06005859375 0.0634765625
0 0.754638671875 0.126220703125 0.07373046875 0.07763671875
0 0.033935546875 0.119140625 0.06787109375 0.0869140625
0 0.07275390625 0.152099609375 0.0751953125 0.07275390625
0 0.020751953125 0.155517578125 0.04150390625 0.04931640625
0 0.24267578125 0.047607421875 0.056640625 0.09130859375
0 0.28564453125 0.04345703125 0.037109375 0.0732421875
0 0.166259765625 0.08837890625 0.04345703125 0.046875
0 0.192626953125 0.111328125 0.04150390625 0.0537109375
0 0.23681640625 0.10888671875 0.0625 0.07421875
0 0.181396484375 0.157958984375 0.04736328125 0.04345703125
0 0.283935546875 0.099853515625 0.04638671875 0.06103515625
0 0.260498046875 0.173828125 0.04443359375 0.0654296875
0 0.286376953125 0.161865234375 0.03173828125 0.03173828125
0 0.309814453125 0.138916015625 0.04345703125 0.04833984375
0 0.271240234375 0.136962890625 0.03564453125 0.03662109375
0 0.3583984375 0.02294921875 0.1513671875 0.0458984375
0 0.336181640625 0.06884765625 0.07373046875 0.0556640625
0 0.394287109375 0.03076171875 0.02587890625 0.0205078125
0 0.396728515625 0.052001953125 0.04443359375 0.03076171875
0 0.180419921875 0.22314453125 0.06591796875 0.0546875
0 0.119384765625 0.33447265625 0.03759765625 0.03125
0 0.2646484375 0.264892578125 0.046875 0.05810546875
0 0.302734375 0.278076171875 0.0869140625 0.05517578125
0 0.206787109375 0.35693359375 0.11279296875 0.08203125
0 0.29833984375 0.31689453125 0.0732421875 0.0439453125
0 0.121826171875 0.40576171875 0.03857421875 0.037109375
0 0.07666015625 0.428955078125 0.0703125 0.08935546875
0 0.029052734375 0.489013671875 0.05810546875 0.07470703125
0 0.1318359375 0.459716796875 0.044921875 0.04150390625
0 0.228271484375 0.453857421875 0.03076171875 0.02685546875
0 0.217529296875 0.47900390625 0.02685546875 0.02734375
0 0.202880859375 0.461181640625 0.02880859375 0.03076171875
0 0.1005859375 0.476806640625 0.041015625 0.04833984375
0 0.1044921875 0.5478515625 0.072265625 0.0634765625
0 0.20068359375 0.608642578125 0.0830078125 0.08056640625
0 0.271240234375 0.482177734375 0.08740234375 0.07861328125
0 0.2939453125 0.542724609375 0.103515625 0.07861328125
0 0.336181640625 0.599365234375 0.07080078125 0.10009765625
0 0.280029296875 0.592529296875 0.06396484375 0.04736328125
0 0.226318359375 0.548095703125 0.07080078125 0.08740234375
0 0.23876953125 0.722412109375 0.048828125 0.10205078125
0 0.212158203125 0.670166015625 0.07177734375 0.05322265625
0 0.109375 0.63818359375 0.03125 0.0361328125
0 0.074462890625 0.658447265625 0.03662109375 0.03759765625
0 0.055419921875 0.6708984375 0.04248046875 0.0390625
0 0.04638671875 0.694091796875 0.0498046875 0.04833984375
0 0.0166015625 0.686279296875 0.033203125 0.09326171875
0 0.158935546875 0.7109375 0.05322265625 0.0625
0 0.14794921875 0.744140625 0.06640625 0.0439453125
0 0.08935546875 0.737060546875 0.052734375 0.03662109375
0 0.05078125 0.734619140625 0.08203125 0.07177734375
0 0.197998046875 0.725341796875 0.05224609375 0.06396484375
0 0.135498046875 0.867431640625 0.03466796875 0.03271484375
0 0.0947265625 0.88525390625 0.0263671875 0.0322265625
0 0.170166015625 0.939453125 0.04052734375 0.0419921875
0 0.138671875 0.954345703125 0.0283203125 0.02783203125
0 0.035400390625 0.961181640625 0.07080078125 0.06982421875
0 0.018798828125 0.8193359375 0.03759765625 0.0615234375
0 0.064453125 0.808837890625 0.0263671875 0.02685546875
0 0.043212890625 0.9052734375 0.08642578125 0.068359375
0 0.194580078125 0.800048828125 0.08544921875 0.09130859375
0 0.26318359375 0.8125 0.0556640625 0.068359375
0 0.1337890625 0.8125 0.05078125 0.05859375
0 0.1181640625 0.845947265625 0.07421875 0.07470703125
0 0.302978515625 0.8701171875 0.08544921875 0.064453125
0 0.358642578125 0.849853515625 0.05712890625 0.06396484375
0 0.324951171875 0.826171875 0.08154296875 0.072265625
0 0.325927734375 0.97216796875 0.05615234375 0.0546875
0 0.39794921875 0.8955078125 0.02734375 0.029296875
0 0.451171875 0.97021484375 0.0537109375 0.05859375
0 0.49267578125 0.914794921875 0.0224609375 0.03564453125
0 0.611328125 0.843994140625 0.0703125 0.09130859375
0 0.576171875 0.772216796875 0.0634765625 0.06201171875
0 0.483642578125 0.772216796875 0.05517578125 0.05322265625
0 0.51904296875 0.7431640625 0.0625 0.0830078125
0 0.7412109375 0.83642578125 0.0556640625 0.083984375
0 0.840576171875 0.94775390625 0.04052734375 0.0341796875
0 0.81884765625 0.97607421875 0.04296875 0.046875
0 0.9033203125 0.94091796875 0.04296875 0.0400390625
0 0.974365234375 0.925537109375 0.04443359375 0.03759765625
0 0.972900390625 0.95166015625 0.03369140625 0.0224609375
0 0.822021484375 0.866943359375 0.03857421875 0.03173828125
0 0.848876953125 0.857666015625 0.02978515625 0.03271484375
0 0.89501953125 0.865478515625 0.0419921875 0.02978515625
0 0.960693359375 0.904052734375 0.07763671875 0.04931640625
0 0.804931640625 0.791748046875 0.04248046875 0.05810546875
0 0.9287109375 0.765869140625 0.03515625 0.03662109375
0 0.897216796875 0.761962890625 0.05419921875 0.05419921875
0 0.640869140625 0.6552734375 0.06591796875 0.0859375
0 0.7236328125 0.660400390625 0.0341796875 0.04638671875
0 0.692138671875 0.648193359375 0.04248046875 0.05517578125
0 0.976806640625 0.680908203125 0.04541015625 0.06884765625
0 0.801025390625 0.62939453125 0.03271484375 0.0283203125
0 0.76123046875 0.52880859375 0.0498046875 0.072265625
0 0.8857421875 0.5654296875 0.078125 0.083984375
0 0.94140625 0.525146484375 0.0458984375 0.04248046875
0 0.94775390625 0.563232421875 0.0654296875 0.05517578125
0 0.76953125 0.57568359375 0.03125 0.029296875
0 0.783935546875 0.594482421875 0.13037109375 0.06494140625
0 0.757080078125 0.389892578125 0.10009765625 0.09326171875
0 0.678955078125 0.371826171875 0.05712890625 0.05908203125
0 0.903076171875 0.417236328125 0.09521484375 0.07861328125
0 0.589111328125 0.451416015625 0.05712890625 0.06591796875
0 0.639892578125 0.4326171875 0.07275390625 0.056640625
0 0.64892578125 0.405029296875 0.05859375 0.03759765625
0 0.85888671875 0.43017578125 0.06640625 0.0947265625
0 0.989501953125 0.4453125 0.02001953125 0.0302734375
0 0.919677734375 0.34228515625 0.08349609375 0.0869140625
0 0.74365234375 0.305908203125 0.0771484375 0.08251953125
0 0.974609375 0.28759765625 0.0498046875 0.0673828125
0 0.595458984375 0.333740234375 0.06982421875 0.10009765625
0 0.68115234375 0.330322265625 0.03125 0.03662109375
0 0.719970703125 0.329345703125 0.05810546875 0.05810546875
0 0.877197265625 0.309814453125 0.06103515625 0.04833984375
0 0.880859375 0.11474609375 0.068359375 0.068359375
0 0.91552734375 0.0341796875 0.048828125 0.044921875
0 0.923583984375 0.064453125 0.06103515625 0.0478515625
0 0.579833984375 0.2314453125 0.03857421875 0.044921875
0 0.593505859375 0.112548828125 0.07177734375 0.09912109375
0 0.54541015625 0.15380859375 0.05859375 0.0869140625
0 0.630126953125 0.109619140625 0.02783203125 0.04736328125
0 0.50390625 0.173095703125 0.037109375 0.03466796875
0 0.6611328125 0.14794921875 0.0458984375 0.0732421875
0 0.71826171875 0.1767578125 0.0537109375 0.052734375
0 0.527099609375 0.33447265625 0.04541015625 0.0732421875
0 0.548828125 0.288818359375 0.07421875 0.08447265625
0 0.525146484375 0.61376953125 0.09423828125 0.12109375
0 0.55908203125 0.567626953125 0.04296875 0.03759765625
0 0.39404296875 0.628173828125 0.0615234375 0.08154296875
0 0.464111328125 0.59619140625 0.05322265625 0.0556640625
0 0.383544921875 0.521728515625 0.08642578125 0.10986328125
0 0.47998046875 0.68359375 0.05078125 0.0400390625
0 0.4697265625 0.704345703125 0.0517578125 0.04443359375
0 0.5654296875 0.6787109375 0.060546875 0.037109375
0 0.436279296875 0.342529296875 0.16455078125 0.08349609375
0 0.370849609375 0.2666015625 0.03662109375 0.041015625
0 0.422607421875 0.18603515625 0.03173828125 0.0224609375
0 0.434814453125 0.20849609375 0.02685546875 0.025390625
0 0.38818359375 0.17724609375 0.0537109375 0.05859375
0 0.3876953125 0.147705078125 0.041015625 0.02685546875
0 0.508056640625 0.1005859375 0.09130859375 0.083984375
0 0.53759765625 0.0283203125 0.0341796875 0.0458984375
0 0.423583984375 0.080078125 0.04248046875 0.0703125
0 0.312744140625 0.248046875 0.05126953125 0.0302734375
0 0.344482421875 0.220703125 0.02783203125 0.0263671875
0 0.2333984375 0.97021484375 0.048828125 0.0458984375
0 0.59716796875 0.700439453125 0.0546875 0.04931640625
0 0.572509765625 0.719482421875 0.03076171875 0.02587890625
0 0.5478515625 0.407958984375 0.0849609375 0.07275390625
0 0.816650390625 0.131103515625 0.09619140625 0.08740234375
0 0.238037109375 0.209716796875 0.05029296875 0.08056640625
0 0.34912109375 0.498046875 0.056640625 0.060546875
0 0.053955078125 0.596435546875 0.10791015625 0.08642578125
0 0.13623046875 0.603271484375 0.0849609375 0.07861328125
0 0.10498046875 0.76171875 0.046875 0.0419921875
0 0.622802734375 0.815673828125 0.04150390625 0.04443359375
0 0.84716796875 0.903076171875 0.048828125 0.06298828125
0 0.857666015625 0.816162109375 0.02783203125 0.03955078125
0 0.8984375 0.818115234375 0.0830078125 0.08447265625
0 0.84423828125 0.72900390625 0.0595703125 0.072265625
0 0.965087890625 0.800048828125 0.06884765625 0.07470703125
0 0.6669921875 0.701904296875 0.0869140625 0.10791015625
0 0.67138671875 0.25732421875 0.09375 0.1123046875
0 0.625 0.240234375 0.10546875 0.0986328125
0 0.822265625 0.181396484375 0.0966796875 0.05029296875
0 0.506591796875 0.537109375 0.06591796875 0.052734375
0 0.401611328125 0.56201171875 0.04638671875 0.05859375
0 0.43359375 0.64111328125 0.0546875 0.046875
0 0.9453125 0.192138671875 0.06640625 0.06591796875
