0 0.015869140625 0.04736328125 0.03173828125 0.056640625
0 0.3740234375 0.06640625 0.05078125 0.037109375
0 0.484375 0.07470703125 0.0625 0.0673828125
0 0.910400390625 0.17236328125 0.05517578125 0.0400390625
0 0.93603515625 0.221923828125 0.0771484375 0.08349609375
0 0.824462890625 0.1640625 0.05810546875 0.04296875
0 0.87939453125 0.2646484375 0.1015625 0.0927734375
0 0.952392578125 0.316162109375 0.08935546875 0.07958984375
0 0.918212890625 0.3701171875 0.05908203125 0.068359375
0 0.7490234375 0.191162109375 0.08984375 0.06298828125
0 0.785400390625 0.1015625 0.05810546875 0.052734375
0 0.522216796875 0.2373046875 0.10986328125 0.095703125
0 0.58544921875 0.285888671875 0.05078125 0.07861328125
0 0.272216796875 0.115478515625 0.09423828125 0.09912109375
0 0.14453125 0.200927734375 0.083984375 0.10791015625
0 0.191650390625 0.148193359375 0.03759765625 0.03955078125
0 0.225341796875 0.21435546875 0.10986328125 0.09765625
0 0.099853515625 0.31201171875 0.18798828125 0.1689453125
0 0.047119140625 0.382080078125 0.09326171875 0.05810546875
0 0.243408203125 0.3662109375 0.12451171875 0.0947265625
0 0.212646484375 0.3251953125 0.07861328125 0.0634765625
0 0.122314453125 0.537841796875 0.08642578125 0.15087890625
0 0.177001953125 0.50830078125 0.08642578125 0.0791015625
0 0.305419921875 0.502685546875 0.04541015625 0.06591796875
0 0.3125 0.280517578125 0.0703125 0.09716796875
0 0.333251953125 0.3486328125 0.09033203125 0.0625
0 0.335693359375 0.414794921875 0.10693359375 0.09521484375
0 0.40576171875 0.437255859375 0.103515625 0.08544921875
0 0.138671875 0.637939453125 0.0615234375 0.07763671875
0 0.196533203125 0.63134765625 0.05224609375 0.0791015625
0 0.301025390625 0.616455078125 0.07080078125 0.06787109375
0 0.041015625 0.703857421875 0.0810546875 0.07861328125
0 0.255126953125 0.74853515625 0.08251953125 0.056640625
0 0.15771484375 0.75927734375 0.1162109375 0.0478515625
0 0.102783203125 0.79541015625 0.06201171875 0.0576171875
0 0.171142578125 0.80029296875 0.09716796875 0.072265625
0 0.205078125 0.890380859375 0.05859375 0.05224609375
0 0.0419921875 0.955810546875 0.083984375 0.08740234375
0 0.157470703125 0.953857421875 0.05615234375 0.09130859375
0 0.235595703125 0.980712890625 0.03857421875 0.03759765625
0 0.2294921875 0.931884765625 0.1044921875 0.07861328125
0 0.309326171875 0.885498046875 0.06689453125 0.05810546875
0 0.271240234375 0.793212890625 0.11181640625 0.08740234375
0 0.39501953125 0.764892578125 0.05078125 0.04931640625
0 0.51953125 0.48046875 0.06640625 0.07421875
0 0.59814453125 0.3681640625 0.0634765625 0.0927734375
0 0.786376953125 0.427978515625 0.09521484375 0.10009765625
0 0.724853515625 0.535400390625 0.06787109375 0.07275390625
0 0.681396484375 0.620361328125 0.07861328125 0.08837890625
0 0.744140625 0.662353515625 0.08203125 0.10107421875
0 0.927978515625 0.487060546875 0.08154296875 0.05615234375
0 0.96435546875 0.550537109375 0.03515625 0.04248046875
0 0.93212890625 0.739501953125 0.0712890625 0.07177734375
0 0.659423828125 0.759765625 0.06201171875 0.0517578125
0 0.466796875 0.906494140625 0.083984375 0.06982421875
0 0.474853515625 0.958984375 0.06005859375 0.0634765625
0 0.865966796875 0.94384765625 0.06103515625 0.076171875
0 0.8583984375 0.842529296875 0.0595703125 0.06591796875
0 0.901611328125 0.9697265625 0.07666015625 0.0595703125
0 0.974365234375 0.64306640625 0.05029296875 0.109375
0 0.9775390625 0.485595703125 0.0439453125 0.08251953125
0 0.97802734375 0.558349609375 0.04296875 0.08837890625
0 0.766357421875 0.912841796875 0.10400390625 0.08642578125
0 0.053466796875 0.032958984375 0.07763671875 0.06494140625
0 0.1298828125 0.048095703125 0.099609375 0.07958984375
0 0.183349609375 0.021728515625 0.08544921875 0.04345703125
0 0.302734375 0.06201171875 0.095703125 0.09375
0 0.386474609375 0.015380859375 0.09912109375 0.03076171875
0 0.47607421875 0.02783203125 0.0908203125 0.0556640625
0 0.388427734375 0.050048828125 0.10498046875 0.06689453125
0 0.464111328125 0.169189453125 0.09814453125 0.11181640625
0 0.545166015625 0.064453125 0.07177734375 0.126953125
0 0.725830078125 0.05224609375 0.09326171875 0.091796875
0 0.886474609375 0.045654296875 0.04150390625 0.04833984375
0 0.96240234375 0.155517578125 0.072265625 0.07666015625
0 0.853271484375 0.20068359375 0.09130859375 0.0849609375
0 0.95654296875 0.2587890625 0.06640625 0.0634765625
0 0.76611328125 0.14697265625 0.08203125 0.0517578125
0 0.644775390625 0.15966796875 0.09033203125 0.0849609375
0 0.568603515625 0.218505859375 0.06591796875 0.07373046875
0 0.6298828125 0.314453125 0.087890625 0.1123046875
0 0.769775390625 0.292724609375 0.11181640625 0.13232421875
0 0.6845703125 0.35302734375 0.0810546875 0.0751953125
0 0.2587890625 0.153564453125 0.0888671875 0.10693359375
0 0.0986328125 0.422119140625 0.09765625 0.10302734375
0 0.170654296875 0.55810546875 0.09716796875 0.072265625
0 0.29296875 0.447998046875 0.0625 0.04931640625
0 0.312744140625 0.563232421875 0.07275390625 0.08642578125
0 0.09423828125 0.65576171875 0.0869140625 0.0966796875
0 0.348876953125 0.257568359375 0.08056640625 0.09423828125
0 0.419677734375 0.276611328125 0.07861328125 0.11279296875
0 0.49658203125 0.354248046875 0.095703125 0.09619140625
0 0.2392578125 0.6298828125 0.0654296875 0.07421875
0 0.16015625 0.710693359375 0.0791015625 0.07958984375
0 0.039794921875 0.768310546875 0.07958984375 0.04150390625
0 0.042724609375 0.858154296875 0.08544921875 0.08447265625
0 0.1591796875 0.85546875 0.0419921875 0.056640625
0 0.174560546875 0.98486328125 0.04150390625 0.029296875
0 0.328369140625 0.92626953125 0.10888671875 0.111328125
0 0.439697265625 0.685546875 0.09130859375 0.0771484375
0 0.34228515625 0.66748046875 0.0361328125 0.0517578125
0 0.366455078125 0.599853515625 0.08349609375 0.11767578125
0 0.39990234375 0.553955078125 0.0693359375 0.05322265625
0 0.53857421875 0.45263671875 0.099609375 0.095703125
0 0.594482421875 0.4970703125 0.08251953125 0.0830078125
0 0.632080078125 0.423095703125 0.09521484375 0.12060546875
0 0.679443359375 0.495849609375 0.10107421875 0.09326171875
0 0.775390625 0.52001953125 0.083984375 0.0966796875
0 0.690185546875 0.5712890625 0.10009765625 0.0888671875
0 0.692138671875 0.697509765625 0.07666015625 0.08154296875
0 0.906005859375 0.4306640625 0.10595703125 0.087890625
0 0.925048828125 0.619873046875 0.05908203125 0.05908203125
0 0.852783203125 0.685791015625 0.08544921875 0.06689453125
0 0.696533203125 0.768798828125 0.05615234375 0.05419921875
0 0.431396484375 0.93994140625 0.05517578125 0.056640625
0 0.630859375 0.940673828125 0.05078125 0.05712890625
0 0.755859375 0.840576171875 0.0390625 0.03857421875
0 0.84033203125 0.911865234375 0.1005859375 0.13818359375
0 0.910888671875 0.9208984375 0.05029296875 0.0556640625
0 0.48388671875 0.724609375 0.0830078125 0.068359375
0 0.236572265625 0.850341796875 0.08447265625 0.08837890625
0 0.076416015625 0.496337890625 0.03955078125 0.03955078125
0 0.756591796875 0.957763671875 0.07861328125 0.05322265625
0 0.181396484375 0.04931640625 0.06494140625 0.0478515625
0 0.2373046875 0.036376953125 0.083984375 0.06787109375
0 0.4375 0.0869140625 0.0439453125 0.083984375
0 0.489501953125 0.11474609375 0.06494140625 0.0712890625
0 0.374755859375 0.14453125 0.12939453125 0.142578125
0 0.575927734375 0.060302734375 0.05322265625 0.07177734375
0 0.55712890625 0.08251953125 0.046875 0.0439453125
0 0.59228515625 0.040283203125 0.0703125 0.08056640625
0 0.646240234375 0.01953125 0.05712890625 0.0390625
0 0.667236328125 0.08349609375 0.07861328125 0.0908203125
0 0.685302734375 0.0244140625 0.05029296875 0.046875
0 0.81103515625 0.073486328125 0.0849609375 0.09814453125
0 0.871337890625 0.0810546875 0.04248046875 0.060546875
0 0.9384765625 0.047607421875 0.0634765625 0.06689453125
0 0.931884765625 0.11767578125 0.07373046875 0.0771484375
0 0.877197265625 0.130126953125 0.06591796875 0.08056640625
0 0.8408203125 0.132080078125 0.025390625 0.03662109375
0 0.81396484375 0.134033203125 0.037109375 0.03564453125
0 0.80224609375 0.193359375 0.02734375 0.0380859375
0 0.983154296875 0.204833984375 0.03271484375 0.04736328125
0 0.888671875 0.30224609375 0.0341796875 0.029296875
0 0.96728515625 0.3876953125 0.064453125 0.0693359375
0 0.593994140625 0.11328125 0.05615234375 0.048828125
0 0.58154296875 0.164794921875 0.0478515625 0.06396484375
0 0.531005859375 0.1513671875 0.04541015625 0.0419921875
0 0.53271484375 0.190673828125 0.048828125 0.04541015625
0 0.6328125 0.222900390625 0.0810546875 0.08154296875
0 0.48681640625 0.273681640625 0.08203125 0.10009765625
0 0.550048828125 0.3095703125 0.06103515625 0.06640625
0 0.79638671875 0.251953125 0.0810546875 0.080078125
0 0.73779296875 0.341064453125 0.0517578125 0.05126953125
0 0.704833984375 0.298828125 0.07177734375 0.0771484375
0 0.68603515625 0.2470703125 0.0869140625 0.091796875
0 0.042236328125 0.074951171875 0.05908203125 0.04150390625
0 0.036376953125 0.125732421875 0.04248046875 0.06689453125
0 0.106201171875 0.098388671875 0.06103515625 0.06591796875
0 0.050537109375 0.17578125 0.07373046875 0.0712890625
0 0.1259765625 0.144775390625 0.099609375 0.13037109375
0 0.0849609375 0.221435546875 0.0498046875 0.06787109375
0 0.027099609375 0.22802734375 0.05419921875 0.068359375
0 0.2978515625 0.199951171875 0.0693359375 0.08544921875
0 0.101806640625 0.291015625 0.07470703125 0.0986328125
0 0.169677734375 0.295166015625 0.07080078125 0.09912109375
0 0.24609375 0.288330078125 0.0947265625 0.07373046875
0 0.04248046875 0.333251953125 0.0634765625 0.05224609375
0 0.044677734375 0.439697265625 0.05419921875 0.06591796875
0 0.135498046875 0.4267578125 0.08447265625 0.087890625
0 0.216796875 0.43212890625 0.09765625 0.083984375
0 0.021240234375 0.406982421875 0.04248046875 0.03759765625
0 0.056884765625 0.53369140625 0.07470703125 0.076171875
0 0.138427734375 0.587646484375 0.05810546875 0.04638671875
0 0.249755859375 0.5634765625 0.08642578125 0.0849609375
0 0.253173828125 0.515380859375 0.03564453125 0.02392578125
0 0.263916015625 0.48876953125 0.07080078125 0.0703125
0 0.35009765625 0.490478515625 0.0693359375 0.06982421875
0 0.39599609375 0.505859375 0.09375 0.0732421875
0 0.04296875 0.602783203125 0.0859375 0.09521484375
0 0.375732421875 0.324462890625 0.08935546875 0.06982421875
0 0.436279296875 0.373291015625 0.08935546875 0.09130859375
0 0.387939453125 0.379638671875 0.03955078125 0.04541015625
0 0.349609375 0.384033203125 0.044921875 0.04150390625
0 0.46240234375 0.460205078125 0.0576171875 0.09228515625
0 0.17236328125 0.61962890625 0.0517578125 0.0615234375
0 0.26416015625 0.662353515625 0.037109375 0.03857421875
0 0.023193359375 0.6611328125 0.04638671875 0.060546875
0 0.071044921875 0.728271484375 0.05029296875 0.04541015625
0 0.22216796875 0.71875 0.0595703125 0.0869140625
0 0.028564453125 0.807861328125 0.05712890625 0.04443359375
0 0.128173828125 0.865478515625 0.10205078125 0.10107421875
0 0.1875 0.855224609375 0.025390625 0.03564453125
0 0.096435546875 0.943115234375 0.08740234375 0.08349609375
0 0.194091796875 0.950927734375 0.03759765625 0.04638671875
0 0.20751953125 0.985107421875 0.03125 0.02880859375
0 0.278076171875 0.97705078125 0.05712890625 0.044921875
0 0.28125 0.910888671875 0.037109375 0.04833984375
0 0.35986328125 0.9443359375 0.0400390625 0.0341796875
0 0.333251953125 0.797607421875 0.03662109375 0.04541015625
0 0.39697265625 0.840087890625 0.099609375 0.11767578125
0 0.285400390625 0.721923828125 0.04833984375 0.02490234375
0 0.31640625 0.74462890625 0.0439453125 0.04296875
0 0.3544921875 0.735595703125 0.05078125 0.06298828125
0 0.349853515625 0.773681640625 0.04638671875 0.04541015625
0 0.3193359375 0.70068359375 0.0390625 0.0478515625
0 0.37744140625 0.685546875 0.0478515625 0.0654296875
0 0.45703125 0.7841796875 0.078125 0.05859375
0 0.358154296875 0.64404296875 0.03564453125 0.0478515625
0 0.48095703125 0.56982421875 0.154296875 0.18359375
0 0.384765625 0.593017578125 0.025390625 0.02978515625
0 0.526611328125 0.468017578125 0.03857421875 0.03369140625
0 0.54638671875 0.37646484375 0.1181640625 0.087890625
0 0.704833984375 0.416748046875 0.07470703125 0.08544921875
0 0.744140625 0.4248046875 0.0439453125 0.0595703125
0 0.609375 0.570556640625 0.1044921875 0.10205078125
0 0.7529296875 0.59130859375 0.060546875 0.080078125
0 0.8203125 0.580322265625 0.091796875 0.07373046875
0 0.84228515625 0.64306640625 0.048828125 0.0517578125
0 0.87841796875 0.6357421875 0.044921875 0.0634765625
0 0.796630859375 0.601806640625 0.03564453125 0.03955078125
0 0.796630859375 0.654296875 0.06689453125 0.08203125
0 0.665283203125 0.65380859375 0.04052734375 0.0322265625
0 0.869384765625 0.48291015625 0.08056640625 0.0615234375
0 0.8466796875 0.45263671875 0.03515625 0.0322265625
0 0.82763671875 0.528076171875 0.037109375 0.04345703125
0 0.889892578125 0.54736328125 0.12548828125 0.1201171875
0 0.93212890625 0.534912109375 0.064453125 0.05419921875
0 0.921630859375 0.67724609375 0.08251953125 0.076171875
0 0.958251953125 0.717529296875 0.04638671875 0.06787109375
0 0.812255859375 0.7236328125 0.06787109375 0.0595703125
0 0.83544921875 0.7275390625 0.0390625 0.0322265625
0 0.876953125 0.727783203125 0.046875 0.04931640625
0 0.765869140625 0.728515625 0.05126953125 0.0498046875
0 0.5224609375 0.684326171875 0.0791015625 0.07373046875
0 0.6123046875 0.70068359375 0.0771484375 0.056640625
0 0.5556640625 0.746826171875 0.0732421875 0.08154296875
0 0.48828125 0.869384765625 0.1103515625 0.08837890625
0 0.583251953125 0.880859375 0.10302734375 0.0908203125
0 0.642333984375 0.85986328125 0.08447265625 0.05859375
0 0.354736328125 0.978759765625 0.04248046875 0.04150390625
0 0.325927734375 0.990234375 0.04052734375 0.0185546875
0 0.403076171875 0.91064453125 0.03955078125 0.03515625
0 0.556884765625 0.958740234375 0.08154296875 0.06201171875
0 0.646484375 0.9033203125 0.0361328125 0.0380859375
0 0.685791015625 0.909423828125 0.07763671875 0.05712890625
0 0.69921875 0.9541015625 0.05078125 0.0458984375
0 0.74755859375 0.8896484375 0.037109375 0.0556640625
0 0.705322265625 0.8046875 0.04931640625 0.0478515625
0 0.9765625 0.95654296875 0.0458984375 0.0859375
0 0.937744140625 0.85693359375 0.12353515625 0.1201171875
0 0.70751953125 0.87646484375 0.0625 0.099609375
0 0.668212890625 0.968017578125 0.08251953125 0.06298828125
0 0.48828125 0.76171875 0.0498046875 0.0361328125
