0 0.051513671875 0.025390625 0.08544921875 0.05078125
0 0.081298828125 0.06005859375 0.08251953125 0.0595703125
0 0.07568359375 0.115966796875 0.0986328125 0.06787109375
0 0.10693359375 0.162353515625 0.08203125 0.05126953125
0 0.129638671875 0.20458984375 0.09521484375 0.068359375
0 0.031005859375 0.327880859375 0.06201171875 0.09912109375
0 0.09326171875 0.35498046875 0.0947265625 0.087890625
0 0.18408203125 0.247802734375 0.0703125 0.05810546875
0 0.076904296875 0.59912109375 0.09326171875 0.0966796875
0 0.135009765625 0.5400390625 0.04541015625 0.05078125
0 0.077392578125 0.755859375 0.11376953125 0.10546875
0 0.140869140625 0.747802734375 0.06884765625 0.07177734375
0 0.0546875 0.861083984375 0.0380859375 0.05615234375
0 0.14208984375 0.86474609375 0.083984375 0.103515625
0 0.024658203125 0.962158203125 0.04931640625 0.07470703125
0 0.085693359375 0.9765625 0.06982421875 0.0458984375
0 0.223876953125 0.845458984375 0.08056640625 0.07568359375
0 0.225830078125 0.791259765625 0.07275390625 0.07080078125
0 0.314208984375 0.90869140625 0.08056640625 0.0693359375
0 0.367919921875 0.892578125 0.06396484375 0.068359375
0 0.303955078125 0.835693359375 0.08837890625 0.10498046875
0 0.361572265625 0.823974609375 0.06005859375 0.07763671875
0 0.41455078125 0.79443359375 0.0869140625 0.068359375
0 0.363037109375 0.757568359375 0.09521484375 0.07373046875
0 0.33984375 0.740234375 0.06640625 0.0439453125
0 0.37451171875 0.58935546875 0.1025390625 0.109375
0 0.484130859375 0.66845703125 0.04150390625 0.056640625
0 0.548583984375 0.68994140625 0.09130859375 0.083984375
0 0.549072265625 0.818359375 0.08642578125 0.0712890625
0 0.6328125 0.799560546875 0.0712890625 0.04248046875
0 0.470947265625 0.869384765625 0.08935546875 0.09619140625
0 0.55126953125 0.91162109375 0.09375 0.0830078125
0 0.546142578125 0.970458984375 0.06298828125 0.05810546875
0 0.7451171875 0.90478515625 0.0849609375 0.080078125
0 0.913330078125 0.96484375 0.06884765625 0.0537109375
0 0.779296875 0.758056640625 0.0947265625 0.10107421875
0 0.7021484375 0.737060546875 0.091796875 0.10302734375
0 0.79931640625 0.69580078125 0.0849609375 0.091796875
0 0.64404296875 0.628173828125 0.109375 0.14111328125
0 0.716552734375 0.641357421875 0.07177734375 0.11474609375
0 0.76953125 0.629638671875 0.087890625 0.07568359375
0 0.762939453125 0.579833984375 0.09423828125 0.06787109375
0 0.974365234375 0.752197265625 0.05029296875 0.04150390625
0 0.9072265625 0.62890625 0.0546875 0.0546875
0 0.97412109375 0.583251953125 0.05078125 0.11376953125
0 0.8564453125 0.45654296875 0.0966796875 0.083984375
0 0.52001953125 0.477783203125 0.0439453125 0.05322265625
0 0.580078125 0.49072265625 0.0810546875 0.072265625
0 0.66845703125 0.4375 0.08203125 0.078125
0 0.623779296875 0.431396484375 0.04833984375 0.06201171875
0 0.514404296875 0.407470703125 0.07080078125 0.10205078125
0 0.22705078125 0.34521484375 0.0830078125 0.1044921875
0 0.302734375 0.32421875 0.09765625 0.10546875
0 0.210693359375 0.150634765625 0.06396484375 0.09619140625
0 0.381591796875 0.225341796875 0.09716796875 0.07958984375
0 0.39892578125 0.144775390625 0.111328125 0.09423828125
0 0.2099609375 0.046142578125 0.09765625 0.09228515625
0 0.463134765625 0.10009765625 0.06103515625 0.0615234375
0 0.374755859375 0.030517578125 0.09912109375 0.06103515625
0 0.579833984375 0.14990234375 0.10107421875 0.0576171875
0 0.569091796875 0.072021484375 0.08544921875 0.05810546875
0 0.81640625 0.05908203125 0.0673828125 0.068359375
0 0.7451171875 0.0283203125 0.076171875 0.056640625
0 0.701171875 0.184814453125 0.0556640625 0.08349609375
0 0.81787109375 0.14501953125 0.0576171875 0.103515625
0 0.936767578125 0.286376953125 0.06689453125 0.06884765625
0 0.203125 0.691650390625 0.029296875 0.03076171875
0 0.2802734375 0.412353515625 0.0791015625 0.07373046875
0 0.776611328125 0.057373046875 0.03369140625 0.06201171875
0 0.128662109375 0.039794921875 0.07177734375 0.07958984375
0 0.068603515625 0.20947265625 0.06787109375 0.1142578125
0 0.091064453125 0.2373046875 0.03955078125 0.0380859375
0 0.037353515625 0.411865234375 0.07470703125 0.07958984375
0 0.08837890625 0.416015625 0.046875 0.041015625
0 0.094482421875 0.467041015625 0.08740234375 0.08154296875
0 0.14404296875 0.67041015625 0.0908203125 0.0888671875
0 0.21826171875 0.766357421875 0.0908203125 0.07177734375
0 0.020263671875 0.870361328125 0.04052734375 0.04931640625
0 0.34228515625 0.978515625 0.0849609375 0.0419921875
0 0.322509765625 0.5615234375 0.10009765625 0.111328125
0 0.54736328125 0.869140625 0.0517578125 0.044921875
0 0.500732421875 0.931884765625 0.06591796875 0.07080078125
0 0.634765625 0.949462890625 0.1484375 0.09912109375
0 0.70458984375 0.926025390625 0.0537109375 0.06103515625
0 0.873046875 0.917724609375 0.0947265625 0.05419921875
0 0.9658203125 0.894775390625 0.056640625 0.06103515625
0 0.872802734375 0.858154296875 0.10498046875 0.07568359375
0 0.843505859375 0.803955078125 0.06787109375 0.06396484375
0 0.580078125 0.600830078125 0.1015625 0.11572265625
0 0.858154296875 0.654052734375 0.05029296875 0.05224609375
0 0.86376953125 0.588623046875 0.0986328125 0.07958984375
0 0.830322265625 0.403076171875 0.06884765625 0.07177734375
0 0.657470703125 0.4951171875 0.06103515625 0.0546875
0 0.575439453125 0.4091796875 0.07470703125 0.10546875
0 0.39404296875 0.35888671875 0.0830078125 0.060546875
0 0.382080078125 0.300048828125 0.10595703125 0.08447265625
0 0.201171875 0.19189453125 0.083984375 0.0693359375
0 0.157958984375 0.14013671875 0.05029296875 0.0634765625
0 0.290771484375 0.119384765625 0.08056640625 0.08056640625
0 0.3046875 0.189453125 0.078125 0.0908203125
0 0.447998046875 0.039794921875 0.07568359375 0.07275390625
0 0.505126953125 0.2109375 0.10009765625 0.0927734375
0 0.573974609375 0.103515625 0.10791015625 0.08203125
0 0.65380859375 0.031982421875 0.056640625 0.06396484375
0 0.685546875 0.038330078125 0.056640625 0.07470703125
0 0.945068359375 0.169189453125 0.08740234375 0.07666015625
0 0.79541015625 0.26708984375 0.14453125 0.1005859375
0 0.96484375 0.389404296875 0.0693359375 0.09033203125
0 0.406494140625 0.615234375 0.05419921875 0.046875
0 0.96728515625 0.05126953125 0.064453125 0.1025390625
0 0.2265625 0.712646484375 0.0673828125 0.04931640625
0 0.804443359375 0.012939453125 0.04833984375 0.02587890625
0 0.114501953125 0.25048828125 0.04443359375 0.0673828125
0 0.116943359375 0.269287109375 0.06591796875 0.08447265625
0 0.018310546875 0.377685546875 0.03662109375 0.06884765625
0 0.023193359375 0.497802734375 0.04638671875 0.09716796875
0 0.0205078125 0.606689453125 0.041015625 0.10595703125
0 0.15380859375 0.512939453125 0.04296875 0.04150390625
0 0.221923828125 0.951904296875 0.13720703125 0.09521484375
0 0.272216796875 0.795654296875 0.05419921875 0.06201171875
0 0.361572265625 0.685546875 0.15869140625 0.10546875
0 0.32080078125 0.648193359375 0.048828125 0.06982421875
0 0.357666015625 0.5126953125 0.07080078125 0.0556640625
0 0.2509765625 0.49951171875 0.0693359375 0.0712890625
0 0.197509765625 0.46923828125 0.04150390625 0.046875
0 0.464111328125 0.50732421875 0.10400390625 0.0986328125
0 0.533203125 0.558837890625 0.07421875 0.08447265625
0 0.512451171875 0.74169921875 0.06982421875 0.0771484375
0 0.5732421875 0.741455078125 0.0517578125 0.04736328125
0 0.577880859375 0.787353515625 0.05029296875 0.06494140625
0 0.609375 0.849365234375 0.0771484375 0.06591796875
0 0.64599609375 0.894287109375 0.0537109375 0.05517578125
0 0.68408203125 0.857177734375 0.0966796875 0.08935546875
0 0.68798828125 0.7958984375 0.0478515625 0.0498046875
0 0.62646484375 0.7431640625 0.08203125 0.1005859375
0 0.508056640625 0.868896484375 0.02783203125 0.05615234375
0 0.6064453125 0.899169921875 0.0439453125 0.05224609375
0 0.867431640625 0.981201171875 0.03173828125 0.02880859375
0 0.919921875 0.80712890625 0.0859375 0.0966796875
0 0.7412109375 0.77099609375 0.048828125 0.10546875
0 0.714111328125 0.78515625 0.03564453125 0.0419921875
0 0.88427734375 0.712646484375 0.1005859375 0.07568359375
0 0.955322265625 0.6982421875 0.08837890625 0.05078125
0 0.93603515625 0.519775390625 0.0888671875 0.12548828125
0 0.645263671875 0.515869140625 0.03662109375 0.02978515625
0 0.4765625 0.371826171875 0.1064453125 0.06591796875
0 0.43505859375 0.309814453125 0.0791015625 0.08251953125
0 0.18896484375 0.3603515625 0.0673828125 0.0693359375
0 0.238037109375 0.14208984375 0.06005859375 0.0771484375
0 0.439208984375 0.218994140625 0.03857421875 0.06103515625
0 0.458740234375 0.1923828125 0.04345703125 0.0341796875
0 0.407958984375 0.086669921875 0.06591796875 0.06396484375
0 0.5126953125 0.049560546875 0.07421875 0.09912109375
0 0.58056640625 0.041748046875 0.068359375 0.04248046875
0 0.67138671875 0.091064453125 0.0595703125 0.04638671875
0 0.72412109375 0.048583984375 0.0439453125 0.03662109375
0 0.6171875 0.268310546875 0.07421875 0.07080078125
0 0.7568359375 0.187744140625 0.0791015625 0.11376953125
0 0.66552734375 0.301025390625 0.078125 0.08251953125
0 0.6474609375 0.377685546875 0.0791015625 0.07763671875
0 0.70263671875 0.343017578125 0.0595703125 0.07763671875
0 0.74072265625 0.31689453125 0.0380859375 0.0615234375
0 0.931884765625 0.0966796875 0.10302734375 0.076171875
0 0.87841796875 0.1298828125 0.0810546875 0.0791015625
0 0.8505859375 0.177734375 0.0322265625 0.0517578125
0 0.97509765625 0.127197265625 0.048828125 0.03173828125
0 0.919677734375 0.230224609375 0.13134765625 0.10400390625
0 0.830078125 0.23388671875 0.08984375 0.0859375
0 0.88623046875 0.289794921875 0.03515625 0.02880859375
0 0.846435546875 0.322509765625 0.05517578125 0.05224609375
0 0.88623046875 0.36376953125 0.0732421875 0.0751953125
0 0.867919921875 0.529052734375 0.06005859375 0.05029296875
0 0.78515625 0.850830078125 0.0361328125 0.04052734375
0 0.6298828125 0.529541015625 0.0556640625 0.04541015625
0 0.457275390625 0.431640625 0.07177734375 0.076171875
0 0.5703125 0.318359375 0.08203125 0.08984375
0 0.0888671875 0.863037109375 0.078125 0.10498046875
0 0.362060546875 0.95361328125 0.09423828125 0.091796875
0 0.4267578125 0.86865234375 0.1142578125 0.09765625
0 0.507568359375 0.779296875 0.11767578125 0.0888671875
0 0.454345703125 0.955810546875 0.10107421875 0.08740234375
0 0.7421875 0.96875 0.0810546875 0.0615234375
0 0.73095703125 0.087158203125 0.0830078125 0.07666015625
