0 0.239013671875 0.39697265625 0.06298828125 0.0654296875
0 0.25 0.61181640625 0.0400390625 0.041015625
0 0.250244140625 0.958984375 0.05908203125 0.0361328125
0 0.614501953125 0.544921875 0.06201171875 0.0439453125
0 0.989990234375 0.402099609375 0.01904296875 0.04150390625
0 0.029541015625 0.062255859375 0.05908203125 0.08349609375
0 0.127197265625 0.068359375 0.03759765625 0.0361328125
0 0.11376953125 0.122314453125 0.080078125 0.08349609375
0 0.07421875 0.13916015625 0.0439453125 0.0498046875
0 0.0791015625 0.205322265625 0.064453125 0.08642578125
0 0.028076171875 0.18017578125 0.05029296875 0.0673828125
0 0.0302734375 0.116943359375 0.052734375 0.04541015625
0 0.194580078125 0.016357421875 0.06591796875 0.03271484375
0 0.272705078125 0.1416015625 0.08056640625 0.0751953125
0 0.232421875 0.197265625 0.08203125 0.0712890625
0 0.152587890625 0.170654296875 0.03369140625 0.04052734375
0 0.148193359375 0.140380859375 0.03564453125 0.04150390625
0 0.182861328125 0.110107421875 0.04638671875 0.03759765625
0 0.174072265625 0.2607421875 0.02099609375 0.021484375
0 0.2568359375 0.314208984375 0.0234375 0.03857421875
0 0.2861328125 0.310546875 0.0556640625 0.0361328125
0 0.283203125 0.261474609375 0.0673828125 0.06201171875
0 0.361083984375 0.2158203125 0.05126953125 0.05078125
0 0.38037109375 0.043212890625 0.048828125 0.04931640625
0 0.449951171875 0.17236328125 0.08837890625 0.0791015625
0 0.3984375 0.019287109375 0.0498046875 0.03857421875
0 0.43798828125 0.055908203125 0.0615234375 0.05224609375
0 0.5009765625 0.042236328125 0.068359375 0.06884765625
0 0.377197265625 0.332763671875 0.06201171875 0.05419921875
0 0.38134765625 0.2978515625 0.0361328125 0.0224609375
0 0.125244140625 0.317626953125 0.01708984375 0.02587890625
0 0.12060546875 0.3857421875 0.0556640625 0.0517578125
0 0.05126953125 0.453125 0.0654296875 0.0537109375
0 0.06689453125 0.513916015625 0.0390625 0.04345703125
0 0.06591796875 0.48486328125 0.0302734375 0.0341796875
0 0.064208984375 0.593994140625 0.05224609375 0.05029296875
0 0.1298828125 0.523681640625 0.048828125 0.04638671875
0 0.06298828125 0.543212890625 0.0947265625 0.05615234375
0 0.307861328125 0.40380859375 0.04345703125 0.0439453125
0 0.176513671875 0.382080078125 0.05517578125 0.03955078125
0 0.37353515625 0.482177734375 0.0556640625 0.05029296875
0 0.40869140625 0.46630859375 0.0380859375 0.0400390625
0 0.336181640625 0.49755859375 0.03173828125 0.037109375
0 0.442626953125 0.499755859375 0.08251953125 0.08349609375
0 0.3662109375 0.532470703125 0.0390625 0.05126953125
0 0.50146484375 0.564208984375 0.0537109375 0.05224609375
0 0.487548828125 0.44580078125 0.04443359375 0.0439453125
0 0.51806640625 0.428466796875 0.064453125 0.03662109375
0 0.47265625 0.372802734375 0.052734375 0.06982421875
0 0.5146484375 0.343017578125 0.0830078125 0.10498046875
0 0.5537109375 0.376220703125 0.0380859375 0.06103515625
0 0.2392578125 0.586669921875 0.0263671875 0.02685546875
0 0.26953125 0.6015625 0.021484375 0.0263671875
0 0.148193359375 0.612548828125 0.06005859375 0.06005859375
0 0.12744140625 0.65380859375 0.0751953125 0.060546875
0 0.1298828125 0.7001953125 0.083984375 0.0595703125
0 0.18115234375 0.65771484375 0.04296875 0.04296875
0 0.225341796875 0.778076171875 0.05615234375 0.13232421875
0 0.29833984375 0.7216796875 0.0517578125 0.0625
0 0.327880859375 0.683349609375 0.04248046875 0.04833984375
0 0.189453125 0.698486328125 0.0419921875 0.04833984375
0 0.0654296875 0.92041015625 0.083984375 0.0751953125
0 0.116943359375 0.885009765625 0.05224609375 0.04345703125
0 0.161865234375 0.921142578125 0.07763671875 0.06982421875
0 0.169677734375 0.84619140625 0.07666015625 0.0986328125
0 0.2548828125 0.83203125 0.0517578125 0.0361328125
0 0.335205078125 0.802001953125 0.03466796875 0.06005859375
0 0.36669921875 0.894287109375 0.0546875 0.09814453125
0 0.3828125 0.949951171875 0.0439453125 0.07275390625
0 0.328125 0.961181640625 0.072265625 0.06787109375
0 0.329833984375 0.9033203125 0.09228515625 0.0693359375
0 0.339599609375 0.8515625 0.04248046875 0.056640625
0 0.4462890625 0.7431640625 0.06640625 0.0888671875
0 0.396240234375 0.6708984375 0.06494140625 0.0615234375
0 0.433837890625 0.841064453125 0.06298828125 0.04052734375
0 0.4384765625 0.877685546875 0.07421875 0.05029296875
0 0.487548828125 0.924072265625 0.06005859375 0.06982421875
0 0.5244140625 0.76171875 0.033203125 0.0673828125
0 0.513671875 0.687744140625 0.04296875 0.05224609375
0 0.296875 0.837890625 0.0615234375 0.0615234375
0 0.59423828125 0.904296875 0.064453125 0.0361328125
0 0.564697265625 0.847900390625 0.07958984375 0.09033203125
0 0.6640625 0.894287109375 0.0771484375 0.06103515625
0 0.69482421875 0.94580078125 0.0595703125 0.0693359375
0 0.608642578125 0.73681640625 0.07177734375 0.0498046875
0 0.662353515625 0.74365234375 0.04736328125 0.03515625
0 0.689453125 0.70849609375 0.078125 0.06640625
0 0.556884765625 0.748779296875 0.03564453125 0.04931640625
0 0.81494140625 0.761962890625 0.0517578125 0.05419921875
0 0.822509765625 0.7978515625 0.03857421875 0.064453125
0 0.773193359375 0.80908203125 0.05029296875 0.0546875
0 0.766357421875 0.7646484375 0.04541015625 0.0498046875
0 0.721923828125 0.8193359375 0.05908203125 0.0625
0 0.78173828125 0.86328125 0.0751953125 0.0830078125
0 0.84033203125 0.892822265625 0.0458984375 0.04443359375
0 0.95947265625 0.814697265625 0.0625 0.06201171875
0 0.947265625 0.9296875 0.0595703125 0.0654296875
0 0.60888671875 0.68798828125 0.056640625 0.060546875
0 0.632080078125 0.64306640625 0.06494140625 0.046875
0 0.711181640625 0.6572265625 0.11669921875 0.0634765625
0 0.646728515625 0.610107421875 0.07666015625 0.09423828125
0 0.560546875 0.675537109375 0.0537109375 0.06005859375
0 0.705322265625 0.57958984375 0.04541015625 0.0458984375
0 0.753662109375 0.71240234375 0.05322265625 0.0546875
0 0.81298828125 0.68701171875 0.064453125 0.0615234375
0 0.91015625 0.638916015625 0.0673828125 0.09716796875
0 0.882568359375 0.711181640625 0.05615234375 0.04150390625
0 0.86865234375 0.669677734375 0.0458984375 0.04541015625
0 0.955322265625 0.67529296875 0.06103515625 0.078125
0 0.79736328125 0.619873046875 0.056640625 0.05908203125
0 0.7138671875 0.61328125 0.076171875 0.0419921875
0 0.464599609375 0.62841796875 0.06494140625 0.05078125
0 0.700927734375 0.55810546875 0.04541015625 0.033203125
0 0.66650390625 0.579833984375 0.0537109375 0.07470703125
0 0.606201171875 0.017333984375 0.06689453125 0.03466796875
0 0.58056640625 0.314453125 0.1572265625 0.1259765625
0 0.69384765625 0.31396484375 0.0908203125 0.091796875
0 0.8056640625 0.24951171875 0.0732421875 0.0625
0 0.8759765625 0.260986328125 0.0546875 0.04638671875
0 0.8154296875 0.186767578125 0.0791015625 0.05615234375
0 0.765869140625 0.204833984375 0.03271484375 0.03857421875
0 0.8916015625 0.1748046875 0.0732421875 0.0673828125
0 0.6767578125 0.00927734375 0.0654296875 0.0185546875
0 0.802978515625 0.031982421875 0.04345703125 0.06396484375
0 0.83935546875 0.013916015625 0.0390625 0.02783203125
0 0.623291015625 0.415283203125 0.08154296875 0.08349609375
0 0.738525390625 0.381103515625 0.02880859375 0.03759765625
0 0.662353515625 0.468994140625 0.06982421875 0.09228515625
0 0.701171875 0.498779296875 0.0791015625 0.06884765625
0 0.72509765625 0.4384765625 0.078125 0.0732421875
0 0.74853515625 0.336669921875 0.0625 0.05712890625
0 0.6865234375 0.3759765625 0.0869140625 0.0615234375
0 0.800537109375 0.39697265625 0.03759765625 0.0634765625
0 0.89697265625 0.489990234375 0.06640625 0.06494140625
0 0.841064453125 0.490966796875 0.05615234375 0.07958984375
0 0.845947265625 0.406005859375 0.07763671875 0.09619140625
0 0.767822265625 0.410400390625 0.03466796875 0.04150390625
0 0.8828125 0.431640625 0.072265625 0.0654296875
0 0.90771484375 0.3759765625 0.0791015625 0.10546875
0 0.940185546875 0.35986328125 0.04052734375 0.033203125
0 0.94970703125 0.313232421875 0.0703125 0.07470703125
0 0.986328125 0.24755859375 0.0263671875 0.0361328125
0 0.984375 0.35205078125 0.0302734375 0.0283203125
0 0.957275390625 0.4765625 0.03662109375 0.037109375
0 0.13427734375 0.772705078125 0.041015625 0.03662109375
0 0.064697265625 0.015380859375 0.03564453125 0.03076171875
0 0.1357421875 0.02685546875 0.08203125 0.0537109375
0 0.051513671875 0.08544921875 0.04345703125 0.0703125
0 0.086181640625 0.06689453125 0.04638671875 0.072265625
0 0.18017578125 0.071044921875 0.0693359375 0.06689453125
0 0.056640625 0.2626953125 0.0517578125 0.052734375
0 0.08154296875 0.293701171875 0.0556640625 0.04052734375
0 0.154296875 0.333984375 0.0673828125 0.0859375
0 0.513427734375 0.16064453125 0.04833984375 0.0712890625
0 0.409423828125 0.26708984375 0.07373046875 0.0703125
0 0.348388671875 0.282958984375 0.06494140625 0.06982421875
0 0.327880859375 0.327392578125 0.04736328125 0.04052734375
0 0.082763671875 0.349609375 0.06298828125 0.0634765625
0 0.203125 0.49951171875 0.0712890625 0.0615234375
0 0.279052734375 0.43994140625 0.09130859375 0.0947265625
0 0.183837890625 0.418212890625 0.05224609375 0.04052734375
0 0.400146484375 0.36865234375 0.09033203125 0.10546875
0 0.39794921875 0.5166015625 0.0498046875 0.05859375
0 0.4990234375 0.520263671875 0.0693359375 0.04638671875
0 0.263427734375 0.759765625 0.04931640625 0.0517578125
0 0.167724609375 0.7568359375 0.08251953125 0.1162109375
0 0.10009765625 0.821044921875 0.0673828125 0.08447265625
0 0.239501953125 0.915283203125 0.09619140625 0.08251953125
0 0.263916015625 0.88671875 0.09619140625 0.0771484375
0 0.29736328125 0.791015625 0.056640625 0.0546875
0 0.4091796875 0.779541015625 0.0458984375 0.07470703125
0 0.535400390625 0.9248046875 0.04931640625 0.05078125
0 0.463134765625 0.796142578125 0.06494140625 0.05615234375
0 0.62548828125 0.94873046875 0.09765625 0.0732421875
0 0.7275390625 0.902587890625 0.0908203125 0.04150390625
0 0.817626953125 0.95361328125 0.09619140625 0.091796875
0 0.956787109375 0.971923828125 0.05810546875 0.05517578125
0 0.69384765625 0.85107421875 0.052734375 0.0625
0 0.852783203125 0.731689453125 0.06689453125 0.05712890625
0 0.585205078125 0.589599609375 0.05224609375 0.04931640625
0 0.567626953125 0.12646484375 0.05712890625 0.0625
0 0.61181640625 0.230224609375 0.060546875 0.04931640625
0 0.910400390625 0.229736328125 0.06689453125 0.07470703125
0 0.9658203125 0.23046875 0.052734375 0.0439453125
0 0.75732421875 0.033447265625 0.0556640625 0.06103515625
0 0.968994140625 0.109619140625 0.06005859375 0.04443359375
0 0.992919921875 0.09814453125 0.01318359375 0.041015625
0 0.959228515625 0.182373046875 0.04833984375 0.06396484375
0 0.989501953125 0.170166015625 0.02001953125 0.06396484375
0 0.923583984375 0.0166015625 0.06396484375 0.033203125
0 0.60400390625 0.49755859375 0.05078125 0.0478515625
0 0.762939453125 0.373291015625 0.03564453125 0.03857421875
0 0.83544921875 0.3369140625 0.1240234375 0.083984375
0 0.7958984375 0.44775390625 0.080078125 0.0595703125
0 0.962646484375 0.40869140625 0.07373046875 0.0908203125
0 0.962890625 0.278076171875 0.0732421875 0.05517578125
0 0.96875 0.483154296875 0.0615234375 0.09228515625
0 0.43212890625 0.44140625 0.08203125 0.060546875
0 0.640380859375 0.681884765625 0.03173828125 0.03369140625
0 0.015869140625 0.021484375 0.03173828125 0.04296875
0 0.203125 0.040283203125 0.068359375 0.05029296875
0 0.282470703125 0.0244140625 0.05810546875 0.0458984375
0 0.348876953125 0.0166015625 0.06591796875 0.033203125
0 0.166015625 0.202880859375 0.0673828125 0.07958984375
0 0.1337890625 0.257568359375 0.0634765625 0.07568359375
0 0.210693359375 0.243408203125 0.05419921875 0.03271484375
0 0.201904296875 0.29833984375 0.08935546875 0.0693359375
0 0.2265625 0.348876953125 0.0537109375 0.05517578125
0 0.377197265625 0.145751953125 0.07080078125 0.07861328125
0 0.43212890625 0.10888671875 0.056640625 0.0361328125
0 0.491455078125 0.11962890625 0.06787109375 0.06640625
0 0.525390625 0.24365234375 0.0869140625 0.078125
0 0.450439453125 0.238525390625 0.07080078125 0.06396484375
0 0.029052734375 0.406982421875 0.05810546875 0.08154296875
0 0.1455078125 0.465576171875 0.08203125 0.07275390625
0 0.09814453125 0.3 0.0380859375 0.056640625
0 0.156494140625 0.548095703125 0.06689453125 0.06787109375
0 0.216552734375 0.549560546875 0.04541015625 0.05712890625
0 0.294189453125 0.535400390625 0.10791015625 0.09912109375
0 0.28955078125 0.358154296875 0.0615234375 0.06103515625
0 0.349365234375 0.3955078125 0.06396484375 0.0791015625
0 0.419189453125 0.394287109375 0.06201171875 0.05419921875
0 0.363037109375 0.4482421875 0.06591796875 0.0576171875
0 0.548828125 0.537353515625 0.0576171875 0.05712890625
0 0.58740234375 0.378173828125 0.0400390625 0.05029296875
0 0.2724609375 0.58154296875 0.0400390625 0.033203125
0 0.205810546875 0.607666015625 0.05224609375 0.06591796875
0 0.035400390625 0.636962890625 0.07080078125 0.08544921875
0 0.02685546875 0.743408203125 0.0537109375 0.05712890625
0 0.216796875 0.6728515625 0.046875 0.0439453125
0 0.2666015625 0.65771484375 0.0810546875 0.0732421875
0 0.05859375 0.83935546875 0.0478515625 0.060546875
0 0.0419921875 0.9677734375 0.083984375 0.0634765625
0 0.132568359375 0.9833984375 0.06982421875 0.0322265625
0 0.224853515625 0.974609375 0.11962890625 0.0498046875
0 0.3701171875 0.798828125 0.0517578125 0.072265625
0 0.344482421875 0.747802734375 0.06884765625 0.07470703125
0 0.396484375 0.71728515625 0.0654296875 0.0419921875
0 0.451171875 0.687255859375 0.056640625 0.03955078125
0 0.5087890625 0.852783203125 0.0712890625 0.07666015625
0 0.431884765625 0.9267578125 0.07568359375 0.08984375
0 0.50048828125 0.744140625 0.0546875 0.0654296875
0 0.48193359375 0.981201171875 0.0673828125 0.03662109375
0 0.560302734375 0.97802734375 0.06591796875 0.04296875
0 0.65283203125 0.80712890625 0.0810546875 0.095703125
0 0.599853515625 0.80712890625 0.05126953125 0.0712890625
0 0.870361328125 0.774658203125 0.06982421875 0.06494140625
0 0.892822265625 0.81640625 0.06396484375 0.05078125
0 0.82470703125 0.84423828125 0.048828125 0.04296875
0 0.718017578125 0.773193359375 0.08154296875 0.10302734375
0 0.895751953125 0.900634765625 0.07470703125 0.06884765625
0 0.7353515625 0.967529296875 0.0458984375 0.06103515625
0 0.979248046875 0.77490234375 0.04052734375 0.0498046875
0 0.910400390625 0.982421875 0.08056640625 0.0341796875
0 0.894287109375 0.85107421875 0.06884765625 0.0419921875
0 0.587158203125 0.646484375 0.04248046875 0.0537109375
0 0.746337890625 0.5693359375 0.04931640625 0.064453125
0 0.958984375 0.59033203125 0.0810546875 0.0791015625
0 0.851806640625 0.609375 0.06884765625 0.0693359375
0 0.530029296875 0.608642578125 0.06005859375 0.06591796875
0 0.5791015625 0.17919921875 0.083984375 0.109375
0 0.6513671875 0.16796875 0.0791015625 0.1044921875
0 0.63330078125 0.27294921875 0.0537109375 0.044921875
0 0.7587890625 0.268798828125 0.052734375 0.05712890625
0 0.81640625 0.12744140625 0.078125 0.0703125
0 0.871337890625 0.055908203125 0.06103515625 0.05810546875
0 0.6689453125 0.052734375 0.076171875 0.072265625
0 0.784912109375 0.5107421875 0.05615234375 0.0439453125
