0 0.192626953125 0.102783203125 0.03076171875 0.04248046875
0 0.188720703125 0.1337890625 0.05029296875 0.064453125
0 0.485107421875 0.072998046875 0.04052734375 0.02978515625
0 0.4580078125 0.08203125 0.0302734375 0.0302734375
0 0.42919921875 0.05517578125 0.046875 0.037109375
0 0.100341796875 0.618896484375 0.03662109375 0.05029296875
0 0.8857421875 0.80029296875 0.078125 0.064453125
0 0.73779296875 0.073486328125 0.06640625 0.07373046875
0 0.964111328125 0.573974609375 0.05712890625 0.06201171875
0 0.305908203125 0.115478515625 0.04638671875 0.06982421875
0 0.294677734375 0.46484375 0.05322265625 0.072265625
0 0.345703125 0.48828125 0.0556640625 0.0595703125
0 0.177734375 0.577880859375 0.033203125 0.03759765625
0 0.3388671875 0.572265625 0.0966796875 0.0546875
0 0.65673828125 0.28662109375 0.0576171875 0.0732421875
0 0.18603515625 0.720458984375 0.037109375 0.06005859375
0 0.155517578125 0.674072265625 0.04345703125 0.06201171875
0 0.25 0.778076171875 0.0634765625 0.07568359375
0 0.857421875 0.639892578125 0.0556640625 0.05615234375
0 0.51513671875 0.22021484375 0.0361328125 0.0341796875
0 0.50244140625 0.254638671875 0.064453125 0.03564453125
0 0.47412109375 0.286376953125 0.0732421875 0.04736328125
0 0.736328125 0.857177734375 0.0615234375 0.06298828125
0 0.788818359375 0.7314453125 0.06884765625 0.0595703125
0 0.818603515625 0.933349609375 0.05322265625 0.04736328125
0 0.484375 0.502197265625 0.048828125 0.04833984375
0 0.55224609375 0.049072265625 0.0556640625 0.07568359375
0 0.825927734375 0.03271484375 0.04638671875 0.0390625
0 0.938720703125 0.31298828125 0.07275390625 0.064453125
0 0.91943359375 0.37255859375 0.0498046875 0.05078125
0 0.94091796875 0.414306640625 0.0576171875 0.05810546875
0 0.757080078125 0.213623046875 0.04931640625 0.05419921875
0 0.388671875 0.67138671875 0.0517578125 0.0673828125
0 0.181640625 0.617431640625 0.0634765625 0.04248046875
0 0.07421875 0.920654296875 0.04296875 0.05908203125
0 0.13720703125 0.885986328125 0.060546875 0.08056640625
0 0.77880859375 0.95849609375 0.052734375 0.0498046875
0 0.6494140625 0.647705078125 0.05078125 0.06005859375
0 0.6474609375 0.793212890625 0.0390625 0.04248046875
0 0.6259765625 0.765380859375 0.033203125 0.03564453125
0 0.39208984375 0.983642578125 0.0576171875 0.03076171875
0 0.110107421875 0.158203125 0.06298828125 0.0546875
0 0.2685546875 0.1806640625 0.04296875 0.0546875
0 0.36328125 0.117431640625 0.0634765625 0.05908203125
0 0.41259765625 0.204833984375 0.06640625 0.09423828125
0 0.361572265625 0.195068359375 0.08056640625 0.12060546875
0 0.312744140625 0.403076171875 0.06494140625 0.06201171875
0 0.2021484375 0.4248046875 0.046875 0.064453125
0 0.2431640625 0.458251953125 0.05078125 0.06494140625
0 0.30078125 0.501220703125 0.041015625 0.03076171875
0 0.265625 0.589111328125 0.0146484375 0.01611328125
0 0.147705078125 0.58837890625 0.03759765625 0.0390625
0 0.26171875 0.6552734375 0.0498046875 0.09375
0 0.31884765625 0.656005859375 0.08203125 0.07080078125
0 0.4326171875 0.35400390625 0.060546875 0.099609375
0 0.734130859375 0.31787109375 0.09130859375 0.09765625
0 0.53564453125 0.165771484375 0.09765625 0.08642578125
0 0.364501953125 0.044677734375 0.09912109375 0.08935546875
0 0.094970703125 0.335693359375 0.05810546875 0.05419921875
0 0.1142578125 0.450439453125 0.037109375 0.03759765625
0 0.036376953125 0.673583984375 0.07275390625 0.08349609375
0 0.036376953125 0.9501953125 0.07275390625 0.0595703125
0 0.2978515625 0.79052734375 0.0439453125 0.05859375
0 0.31787109375 0.728271484375 0.0380859375 0.02978515625
0 0.298828125 0.75146484375 0.041015625 0.03125
0 0.2177734375 0.8349609375 0.056640625 0.0517578125
0 0.26904296875 0.839599609375 0.0478515625 0.04443359375
0 0.4443359375 0.718994140625 0.076171875 0.06103515625
0 0.462646484375 0.7685546875 0.05517578125 0.0478515625
0 0.5185546875 0.677734375 0.060546875 0.0634765625
0 0.705322265625 0.679931640625 0.04052734375 0.05419921875
0 0.752197265625 0.682373046875 0.06201171875 0.06103515625
0 0.82421875 0.650390625 0.037109375 0.037109375
0 0.74365234375 0.60986328125 0.0712890625 0.076171875
0 0.8291015625 0.537841796875 0.1005859375 0.10205078125
0 0.451416015625 0.255126953125 0.05322265625 0.03759765625
0 0.5810546875 0.732421875 0.07421875 0.0595703125
0 0.898193359375 0.8603515625 0.11279296875 0.076171875
0 0.70849609375 0.4189453125 0.1259765625 0.103515625
0 0.49072265625 0.430908203125 0.078125 0.08251953125
0 0.6962890625 0.007080078125 0.037109375 0.01416015625
0 0.792236328125 0.075927734375 0.09130859375 0.07080078125
0 0.849853515625 0.284912109375 0.02978515625 0.03076171875
0 0.85498046875 0.31884765625 0.0419921875 0.0400390625
0 0.797607421875 0.1533203125 0.11181640625 0.0859375
0 0.962890625 0.05224609375 0.0732421875 0.0888671875
0 0.92333984375 0.455322265625 0.0439453125 0.04150390625
0 0.948486328125 0.658203125 0.04833984375 0.064453125
0 0.920654296875 0.60205078125 0.05224609375 0.0673828125
0 0.902099609375 0.540771484375 0.06884765625 0.08447265625
0 0.844482421875 0.449951171875 0.12646484375 0.07666015625
0 0.604736328125 0.623779296875 0.04931640625 0.05810546875
0 0.557373046875 0.636962890625 0.04345703125 0.03955078125
0 0.560546875 0.556640625 0.0400390625 0.0439453125
0 0.7724609375 0.391357421875 0.0986328125 0.09521484375
0 0.7041015625 0.572265625 0.0732421875 0.06640625
0 0.580322265625 0.87646484375 0.05908203125 0.078125
0 0.126220703125 0.266357421875 0.09716796875 0.09619140625
0 0.019287109375 0.107177734375 0.03857421875 0.05712890625
0 0.03662109375 0.05078125 0.0556640625 0.0654296875
0 0.0205078125 0.350341796875 0.041015625 0.06103515625
0 0.13818359375 0.346435546875 0.0537109375 0.07275390625
0 0.20703125 0.675048828125 0.064453125 0.07958984375
0 0.016357421875 0.75 0.03271484375 0.0771484375
0 0.13818359375 0.975341796875 0.0537109375 0.04833984375
0 0.200439453125 0.88720703125 0.06103515625 0.0703125
0 0.28076171875 0.975830078125 0.0419921875 0.04736328125
0 0.8017578125 0.81103515625 0.0458984375 0.0390625
0 0.941162109375 0.8984375 0.04248046875 0.083984375
0 0.97265625 0.9765625 0.0537109375 0.0458984375
0 0.9287109375 0.964111328125 0.0712890625 0.06298828125
0 0.62158203125 0.538818359375 0.060546875 0.05908203125
0 0.5048828125 0.74462890625 0.060546875 0.0654296875
0 0.399169921875 0.760498046875 0.06103515625 0.06884765625
0 0.1533203125 0.068115234375 0.068359375 0.06982421875
0 0.104736328125 0.09521484375 0.04443359375 0.052734375
0 0.14892578125 0.134765625 0.0478515625 0.0458984375
0 0.34326171875 0.30517578125 0.1025390625 0.080078125
0 0.27099609375 0.3525390625 0.033203125 0.0419921875
0 0.2451171875 0.389404296875 0.0625 0.05322265625
0 0.327880859375 0.537109375 0.10107421875 0.064453125
0 0.2216796875 0.59423828125 0.072265625 0.0625
0 0.288330078125 0.628662109375 0.04345703125 0.05029296875
0 0.6083984375 0.314208984375 0.064453125 0.08447265625
0 0.25439453125 0.115234375 0.068359375 0.064453125
0 0.10791015625 0.50048828125 0.052734375 0.0419921875
0 0.073486328125 0.577392578125 0.04248046875 0.04736328125
0 0.107666015625 0.6767578125 0.05419921875 0.0595703125
0 0.14013671875 0.725341796875 0.046875 0.05322265625
0 0.16064453125 0.761474609375 0.041015625 0.04931640625
0 0.1669921875 0.826171875 0.052734375 0.052734375
0 0.338134765625 0.81005859375 0.07177734375 0.0556640625
0 0.396728515625 0.83349609375 0.04931640625 0.060546875
0 0.58447265625 0.7900390625 0.064453125 0.068359375
0 0.661865234375 0.753662109375 0.04833984375 0.04638671875
0 0.4267578125 0.42236328125 0.05078125 0.0419921875
0 0.483154296875 0.182373046875 0.06298828125 0.05224609375
0 0.530029296875 0.84716796875 0.05908203125 0.076171875
0 0.814208984375 0.683837890625 0.04638671875 0.04248046875
0 0.862548828125 0.74609375 0.05615234375 0.05078125
0 0.60546875 0.02490234375 0.05859375 0.048828125
0 0.61865234375 0.0849609375 0.064453125 0.064453125
0 0.6416015625 0.199951171875 0.09765625 0.08349609375
0 0.77099609375 0.271484375 0.0537109375 0.060546875
0 0.477783203125 0.62451171875 0.06005859375 0.0830078125
0 0.362060546875 0.4384765625 0.06591796875 0.0498046875
0 0.70556640625 0.91650390625 0.0537109375 0.0556640625
0 0.782958984375 0.837158203125 0.05224609375 0.04248046875
0 0.03515625 0.165771484375 0.0615234375 0.06201171875
0 0.072021484375 0.017578125 0.06103515625 0.03515625
0 0.05810546875 0.252197265625 0.0546875 0.05322265625
0 0.166015625 0.489990234375 0.0458984375 0.05126953125
0 0.052001953125 0.74560546875 0.04248046875 0.06640625
0 0.0908203125 0.88232421875 0.0439453125 0.05078125
0 0.093994140625 0.97314453125 0.04638671875 0.052734375
0 0.164306640625 0.9462890625 0.04736328125 0.052734375
0 0.239013671875 0.96337890625 0.05517578125 0.072265625
0 0.787109375 0.984375 0.0654296875 0.0302734375
0 0.989990234375 0.72998046875 0.01904296875 0.060546875
0 0.57421875 0.405517578125 0.0634765625 0.06787109375
0 0.638427734375 0.847412109375 0.05322265625 0.05322265625
0 0.2783203125 0.26611328125 0.0703125 0.0654296875
0 0.49169921875 0.029296875 0.0498046875 0.0478515625
0 0.050537109375 0.627197265625 0.05810546875 0.05517578125
0 0.08837890625 0.712890625 0.0439453125 0.052734375
0 0.22412109375 0.724609375 0.0537109375 0.0537109375
0 0.58935546875 0.48388671875 0.05078125 0.056640625
0 0.75830078125 0.019287109375 0.05859375 0.03857421875
0 0.883056640625 0.2158203125 0.04736328125 0.044921875
0 0.94140625 0.250244140625 0.05859375 0.04541015625
0 0.97998046875 0.345458984375 0.0390625 0.06005859375
0 0.947265625 0.5068359375 0.044921875 0.0595703125
0 0.548583984375 0.513671875 0.04052734375 0.03515625
0 0.47314453125 0.554443359375 0.0517578125 0.04443359375
0 0.658447265625 0.918701171875 0.04833984375 0.03759765625
0 0.2900390625 0.90625 0.05859375 0.0390625
0 0.799072265625 0.781005859375 0.04541015625 0.03076171875
0 0.867919921875 0.968994140625 0.05615234375 0.05908203125
