0 0.12353515625 0.1708984375 0.1044921875 0.099609375
0 0.03369140625 0.154541015625 0.0673828125 0.09716796875
0 0.193603515625 0.194091796875 0.07861328125 0.10009765625
0 0.24072265625 0.18994140625 0.056640625 0.0830078125
0 0.29296875 0.186279296875 0.080078125 0.05029296875
0 0.334716796875 0.076171875 0.06884765625 0.060546875
0 0.358154296875 0.258544921875 0.09619140625 0.11083984375
0 0.103759765625 0.287841796875 0.06787109375 0.09521484375
0 0.077880859375 0.4228515625 0.08837890625 0.044921875
0 0.12890625 0.681884765625 0.0458984375 0.06396484375
0 0.163330078125 0.80615234375 0.06396484375 0.0634765625
0 0.24462890625 0.496826171875 0.140625 0.12939453125
0 0.370849609375 0.4482421875 0.08837890625 0.060546875
0 0.1123046875 0.964599609375 0.0576171875 0.06982421875
0 0.028076171875 0.95556640625 0.05615234375 0.087890625
0 0.59033203125 0.927490234375 0.0830078125 0.05908203125
0 0.686279296875 0.87109375 0.09716796875 0.0732421875
0 0.932373046875 0.965087890625 0.11181640625 0.05126953125
0 0.95263671875 0.84423828125 0.0830078125 0.095703125
0 0.927734375 0.9326171875 0.0615234375 0.0517578125
0 0.6787109375 0.748291015625 0.052734375 0.04248046875
0 0.929931640625 0.767333984375 0.07861328125 0.10302734375
0 0.8525390625 0.754638671875 0.1162109375 0.13427734375
0 0.964111328125 0.64599609375 0.07080078125 0.1064453125
0 0.979736328125 0.7373046875 0.03955078125 0.0908203125
0 0.79296875 0.7236328125 0.06640625 0.09765625
0 0.333251953125 0.38427734375 0.05419921875 0.1123046875
0 0.568115234375 0.157470703125 0.06201171875 0.09423828125
0 0.616943359375 0.123046875 0.05419921875 0.048828125
0 0.606689453125 0.1669921875 0.06787109375 0.0693359375
0 0.464599609375 0.3369140625 0.07666015625 0.083984375
0 0.56689453125 0.362548828125 0.08203125 0.07373046875
0 0.5087890625 0.229736328125 0.056640625 0.08349609375
0 0.603515625 0.326416015625 0.0595703125 0.05322265625
0 0.646484375 0.265380859375 0.04296875 0.08349609375
0 0.63671875 0.427978515625 0.078125 0.08544921875
0 0.5263671875 0.484619140625 0.0751953125 0.08154296875
0 0.65625 0.547119140625 0.04296875 0.04248046875
0 0.757080078125 0.611083984375 0.05712890625 0.08154296875
0 0.745361328125 0.66845703125 0.07568359375 0.076171875
0 0.706298828125 0.597900390625 0.06591796875 0.09912109375
0 0.682861328125 0.61376953125 0.04150390625 0.041015625
0 0.711669921875 0.5380859375 0.08154296875 0.0771484375
0 0.840576171875 0.58447265625 0.07275390625 0.095703125
0 0.896240234375 0.499755859375 0.09326171875 0.09423828125
0 0.923095703125 0.6064453125 0.10400390625 0.05859375
0 0.76123046875 0.365234375 0.0615234375 0.072265625
0 0.870849609375 0.460205078125 0.04443359375 0.02880859375
0 0.971435546875 0.48681640625 0.04052734375 0.044921875
0 0.8330078125 0.6630859375 0.1220703125 0.10546875
0 0.844482421875 0.27490234375 0.08740234375 0.0908203125
0 0.91357421875 0.09375 0.09765625 0.078125
0 0.884521484375 0.13818359375 0.09228515625 0.0771484375
0 0.908447265625 0.19140625 0.07958984375 0.0458984375
0 0.651123046875 0.03515625 0.09619140625 0.0703125
0 0.91064453125 0.350830078125 0.0693359375 0.06201171875
0 0.0771484375 0.048583984375 0.0908203125 0.09521484375
0 0.09228515625 0.099609375 0.064453125 0.0615234375
0 0.16015625 0.115478515625 0.0966796875 0.09033203125
0 0.0166015625 0.100830078125 0.033203125 0.04443359375
0 0.26806640625 0.063720703125 0.0791015625 0.05712890625
0 0.03515625 0.221923828125 0.0703125 0.10205078125
0 0.16748046875 0.45263671875 0.0888671875 0.0517578125
0 0.068603515625 0.3720703125 0.09130859375 0.0654296875
0 0.032958984375 0.564697265625 0.06591796875 0.07666015625
0 0.1474609375 0.615234375 0.0791015625 0.0888671875
0 0.192138671875 0.582275390625 0.07666015625 0.08251953125
0 0.084716796875 0.60986328125 0.04833984375 0.0458984375
0 0.070068359375 0.7001953125 0.08837890625 0.07421875
0 0.044921875 0.726318359375 0.0732421875 0.09033203125
0 0.11328125 0.82861328125 0.041015625 0.0390625
0 0.3203125 0.497802734375 0.060546875 0.09814453125
0 0.38720703125 0.484130859375 0.0986328125 0.04638671875
0 0.37890625 0.53759765625 0.0712890625 0.080078125
0 0.24853515625 0.599853515625 0.08203125 0.10498046875
0 0.405029296875 0.564697265625 0.06689453125 0.06201171875
0 0.455078125 0.585693359375 0.0576171875 0.06298828125
0 0.4951171875 0.646484375 0.0888671875 0.09765625
0 0.560546875 0.635986328125 0.072265625 0.07958984375
0 0.453857421875 0.713623046875 0.12255859375 0.10205078125
0 0.368896484375 0.7099609375 0.10107421875 0.0625
0 0.426025390625 0.76611328125 0.04150390625 0.046875
0 0.322021484375 0.7724609375 0.05810546875 0.109375
0 0.213623046875 0.815185546875 0.06689453125 0.06494140625
0 0.451171875 0.81787109375 0.072265625 0.07421875
0 0.0625 0.843994140625 0.0908203125 0.08642578125
0 0.114501953125 0.90185546875 0.09814453125 0.0693359375
0 0.168212890625 0.876953125 0.07666015625 0.0888671875
0 0.20947265625 0.89404296875 0.0869140625 0.1015625
0 0.272705078125 0.8876953125 0.06005859375 0.09375
0 0.317138671875 0.904296875 0.06689453125 0.091796875
0 0.337646484375 0.84521484375 0.08251953125 0.056640625
0 0.41259765625 0.947998046875 0.0966796875 0.10302734375
0 0.16552734375 0.973388671875 0.0478515625 0.05224609375
0 0.6337890625 0.966552734375 0.0732421875 0.06591796875
0 0.65185546875 0.91552734375 0.044921875 0.041015625
0 0.59716796875 0.848388671875 0.0888671875 0.10888671875
0 0.621337890625 0.773681640625 0.05615234375 0.03759765625
0 0.70751953125 0.918212890625 0.076171875 0.04638671875
0 0.825439453125 0.878173828125 0.09130859375 0.13037109375
0 0.85693359375 0.916259765625 0.0546875 0.10205078125
0 0.9404296875 0.7138671875 0.0771484375 0.0927734375
0 0.61865234375 0.664306640625 0.07421875 0.07666015625
0 0.53955078125 0.297607421875 0.0791015625 0.06982421875
0 0.654541015625 0.35546875 0.09912109375 0.0947265625
0 0.783935546875 0.2421875 0.08544921875 0.0673828125
0 0.717529296875 0.2587890625 0.10400390625 0.060546875
0 0.790283203125 0.302734375 0.03466796875 0.060546875
0 0.753662109375 0.322509765625 0.05419921875 0.08642578125
0 0.566650390625 0.458984375 0.07861328125 0.12890625
0 0.409423828125 0.42431640625 0.05615234375 0.083984375
0 0.5478515625 0.5478515625 0.052734375 0.07421875
0 0.62548828125 0.497802734375 0.103515625 0.07861328125
0 0.6044921875 0.451171875 0.0390625 0.04296875
0 0.739013671875 0.497314453125 0.08154296875 0.09130859375
0 0.6357421875 0.5966796875 0.091796875 0.0791015625
0 0.910888671875 0.54931640625 0.08935546875 0.0673828125
0 0.899658203125 0.5771484375 0.03564453125 0.04296875
0 0.938720703125 0.5546875 0.06201171875 0.0556640625
0 0.69677734375 0.4267578125 0.046875 0.068359375
0 0.943115234375 0.4736328125 0.05810546875 0.08984375
0 0.969482421875 0.5234375 0.03271484375 0.04296875
0 0.738525390625 0.71484375 0.05712890625 0.0419921875
0 0.89013671875 0.6748046875 0.0390625 0.041015625
0 0.923583984375 0.39599609375 0.04833984375 0.0419921875
0 0.836181640625 0.32470703125 0.08447265625 0.0693359375
0 0.721923828125 0.10400390625 0.12646484375 0.08203125
0 0.838134765625 0.205078125 0.07080078125 0.0771484375
0 0.97021484375 0.02978515625 0.05859375 0.0595703125
0 0.924560546875 0.280029296875 0.07861328125 0.08642578125
0 0.96875 0.2578125 0.0615234375 0.0751953125
0 0.0244140625 0.03662109375 0.048828125 0.0732421875
0 0.2294921875 0.08740234375 0.060546875 0.0966796875
0 0.30712890625 0.13525390625 0.052734375 0.095703125
0 0.38623046875 0.108642578125 0.0615234375 0.06982421875
0 0.371826171875 0.04833984375 0.06494140625 0.0556640625
0 0.295166015625 0.039794921875 0.06982421875 0.06103515625
0 0.398681640625 0.157470703125 0.05419921875 0.08935546875
0 0.079345703125 0.21533203125 0.05322265625 0.0595703125
0 0.242919921875 0.2705078125 0.09814453125 0.107421875
0 0.157958984375 0.26123046875 0.08251953125 0.0771484375
0 0.061767578125 0.261474609375 0.06396484375 0.04541015625
0 0.038330078125 0.33935546875 0.06396484375 0.068359375
0 0.0771484375 0.31298828125 0.0791015625 0.06640625
0 0.0556640625 0.48583984375 0.0625 0.0693359375
0 0.06689453125 0.457275390625 0.126953125 0.07861328125
0 0.06787109375 0.401611328125 0.0283203125 0.02099609375
0 0.058837890625 0.64111328125 0.11376953125 0.0859375
0 0.032958984375 0.79150390625 0.05810546875 0.052734375
0 0.03466796875 0.822509765625 0.05859375 0.03173828125
0 0.07177734375 0.78515625 0.052734375 0.0546875
0 0.229736328125 0.679443359375 0.06591796875 0.10693359375
0 0.429931640625 0.505126953125 0.05615234375 0.06689453125
0 0.294189453125 0.58740234375 0.05615234375 0.0771484375
0 0.301025390625 0.630615234375 0.06591796875 0.04248046875
0 0.3759765625 0.612060546875 0.0625 0.07080078125
0 0.42724609375 0.6162109375 0.0556640625 0.048828125
0 0.51708984375 0.531494140625 0.0390625 0.03564453125
0 0.478271484375 0.548583984375 0.08740234375 0.05615234375
0 0.519287109375 0.58251953125 0.09228515625 0.0537109375
0 0.468994140625 0.65625 0.05419921875 0.0498046875
0 0.43017578125 0.666259765625 0.0595703125 0.05810546875
0 0.382080078125 0.792236328125 0.08154296875 0.10205078125
0 0.02978515625 0.8876953125 0.0595703125 0.0849609375
0 0.118896484375 0.8603515625 0.02978515625 0.0322265625
0 0.2490234375 0.96044921875 0.025390625 0.02734375
0 0.267578125 0.96728515625 0.0234375 0.0234375
0 0.36767578125 0.89990234375 0.046875 0.0693359375
0 0.3515625 0.951904296875 0.0673828125 0.06396484375
0 0.322021484375 0.96923828125 0.09423828125 0.060546875
0 0.22998046875 0.968994140625 0.099609375 0.06103515625
0 0.744140625 0.9326171875 0.0498046875 0.056640625
0 0.771240234375 0.820068359375 0.10009765625 0.10693359375
0 0.720947265625 0.83984375 0.04541015625 0.048828125
0 0.750244140625 0.976318359375 0.04931640625 0.04638671875
0 0.968017578125 0.8974609375 0.06298828125 0.09765625
0 0.884765625 0.931640625 0.0546875 0.044921875
0 0.890869140625 0.906982421875 0.05810546875 0.03173828125
0 0.919189453125 0.8525390625 0.03466796875 0.037109375
0 0.66259765625 0.80029296875 0.0986328125 0.08203125
0 0.7412109375 0.774169921875 0.083984375 0.05908203125
0 0.697021484375 0.72509765625 0.04931640625 0.0615234375
0 0.63525390625 0.724609375 0.09375 0.0693359375
0 0.82177734375 0.7158203125 0.03125 0.037109375
0 0.51953125 0.716064453125 0.0537109375 0.08251953125
0 0.5439453125 0.726806640625 0.05859375 0.09228515625
0 0.38671875 0.38037109375 0.05859375 0.0693359375
0 0.27880859375 0.390869140625 0.0966796875 0.14990234375
0 0.52978515625 0.17041015625 0.0458984375 0.0400390625
0 0.67822265625 0.14892578125 0.0810546875 0.0986328125
0 0.499755859375 0.286865234375 0.04736328125 0.04248046875
0 0.50732421875 0.34375 0.0537109375 0.0458984375
0 0.45068359375 0.218505859375 0.1142578125 0.09619140625
0 0.468505859375 0.26611328125 0.06201171875 0.060546875
0 0.60791015625 0.3857421875 0.02734375 0.029296875
0 0.574951171875 0.243896484375 0.11181640625 0.11669921875
0 0.63427734375 0.205810546875 0.072265625 0.08056640625
0 0.734130859375 0.206787109375 0.09912109375 0.06689453125
0 0.664306640625 0.29345703125 0.06787109375 0.0439453125
0 0.72607421875 0.304443359375 0.0263671875 0.03173828125
0 0.73193359375 0.333984375 0.02734375 0.033203125
0 0.71435546875 0.376708984375 0.0380859375 0.03271484375
0 0.448486328125 0.426513671875 0.03662109375 0.04345703125
0 0.515869140625 0.429931640625 0.06689453125 0.05810546875
0 0.50732421875 0.47705078125 0.0283203125 0.029296875
0 0.48095703125 0.486083984375 0.0556640625 0.07373046875
0 0.605712890625 0.56591796875 0.07861328125 0.0771484375
0 0.68603515625 0.48046875 0.052734375 0.0576171875
0 0.80712890625 0.62646484375 0.048828125 0.05859375
0 0.7099609375 0.633056640625 0.0234375 0.04736328125
0 0.669677734375 0.659423828125 0.05810546875 0.09326171875
0 0.774658203125 0.550048828125 0.05712890625 0.05419921875
0 0.785888671875 0.588623046875 0.04248046875 0.03759765625
0 0.8486328125 0.513916015625 0.0439453125 0.04248046875
0 0.9423828125 0.58447265625 0.0283203125 0.02734375
0 0.965576171875 0.572021484375 0.03857421875 0.04736328125
0 0.810546875 0.537109375 0.078125 0.0986328125
0 0.8095703125 0.482177734375 0.029296875 0.02978515625
0 0.7275390625 0.40625 0.0595703125 0.0498046875
0 0.895751953125 0.416015625 0.11181640625 0.0791015625
0 0.8544921875 0.385009765625 0.0517578125 0.07763671875
0 0.836181640625 0.44921875 0.05908203125 0.09765625
0 0.98291015625 0.460693359375 0.033203125 0.05126953125
0 0.70263671875 0.677734375 0.0380859375 0.046875
0 0.91259765625 0.656494140625 0.046875 0.05615234375
0 0.9638671875 0.39892578125 0.03515625 0.0283203125
0 0.891845703125 0.312255859375 0.06982421875 0.08251953125
0 0.744140625 0.159912109375 0.1025390625 0.05615234375
0 0.90283203125 0.2314453125 0.080078125 0.0625
0 0.95947265625 0.137451171875 0.080078125 0.11474609375
0 0.850830078125 0.030517578125 0.08349609375 0.06103515625
0 0.9677734375 0.3173828125 0.041015625 0.033203125
0 0.2529296875 0.12890625 0.08984375 0.0849609375
0 0.437744140625 0.896484375 0.08935546875 0.0966796875
0 0.77490234375 0.062255859375 0.1220703125 0.08740234375
