0 0.076416015625 0.177978515625 0.05224609375 0.06494140625
0 0.22265625 0.091796875 0.041015625 0.0400390625
0 0.173828125 0.146484375 0.03515625 0.0283203125
0 0.140869140625 0.14990234375 0.03662109375 0.0400390625
0 0.915283203125 0.88134765625 0.05712890625 0.06640625
0 0.8251953125 0.71923828125 0.03515625 0.037109375
0 0.50537109375 0.527587890625 0.0361328125 0.04736328125
0 0.950439453125 0.421142578125 0.05908203125 0.05419921875
0 0.91650390625 0.164794921875 0.0751953125 0.07177734375
0 0.69580078125 0.2177734375 0.037109375 0.0302734375
0 0.687255859375 0.259765625 0.07177734375 0.060546875
0 0.676513671875 0.016845703125 0.05810546875 0.03369140625
0 0.689697265625 0.530517578125 0.03271484375 0.02978515625
0 0.080322265625 0.017578125 0.04248046875 0.03515625
0 0.043701171875 0.165283203125 0.04931640625 0.05810546875
0 0.17578125 0.0400390625 0.0751953125 0.080078125
0 0.30859375 0.162353515625 0.0576171875 0.04833984375
0 0.471923828125 0.37646484375 0.10009765625 0.1044921875
0 0.24365234375 0.315185546875 0.03515625 0.03564453125
0 0.5380859375 0.209228515625 0.0546875 0.07177734375
0 0.55908203125 0.35791015625 0.048828125 0.0498046875
0 0.201904296875 0.4609375 0.05224609375 0.0439453125
0 0.034423828125 0.494140625 0.06884765625 0.06640625
0 0.309326171875 0.54052734375 0.06982421875 0.07421875
0 0.4765625 0.448486328125 0.0712890625 0.05029296875
0 0.448486328125 0.41748046875 0.06494140625 0.05078125
0 0.153564453125 0.760498046875 0.07470703125 0.08740234375
0 0.177734375 0.807861328125 0.0673828125 0.06005859375
0 0.62646484375 0.882080078125 0.0400390625 0.04541015625
0 0.82275390625 0.60400390625 0.046875 0.0341796875
0 0.650390625 0.552001953125 0.078125 0.04541015625
0 0.124267578125 0.044189453125 0.03857421875 0.03173828125
0 0.03759765625 0.115234375 0.056640625 0.05859375
0 0.245849609375 0.138427734375 0.03857421875 0.03955078125
0 0.03466796875 0.19482421875 0.052734375 0.0458984375
0 0.0283203125 0.22998046875 0.01953125 0.0263671875
0 0.149169921875 0.096435546875 0.12939453125 0.07763671875
0 0.253662109375 0.18408203125 0.06689453125 0.068359375
0 0.18701171875 0.184814453125 0.0625 0.06298828125
0 0.332763671875 0.13134765625 0.04150390625 0.0458984375
0 0.28759765625 0.26806640625 0.0712890625 0.078125
0 0.270263671875 0.233154296875 0.02490234375 0.03369140625
0 0.326904296875 0.051025390625 0.06982421875 0.10205078125
0 0.41796875 0.02734375 0.1025390625 0.0546875
0 0.4033203125 0.21044921875 0.10546875 0.1015625
0 0.338134765625 0.1865234375 0.05712890625 0.052734375
0 0.170166015625 0.273193359375 0.07080078125 0.08056640625
0 0.104736328125 0.312255859375 0.07861328125 0.06103515625
0 0.072509765625 0.289794921875 0.04248046875 0.05029296875
0 0.07177734375 0.24462890625 0.080078125 0.0654296875
0 0.0361328125 0.284912109375 0.072265625 0.09130859375
0 0.044921875 0.341552734375 0.033203125 0.03857421875
0 0.015869140625 0.32568359375 0.03173828125 0.046875
0 0.1025390625 0.376953125 0.044921875 0.0361328125
0 0.143310546875 0.388671875 0.05126953125 0.048828125
0 0.134765625 0.348388671875 0.064453125 0.05419921875
0 0.43896484375 0.33740234375 0.046875 0.0380859375
0 0.0810546875 0.41064453125 0.033203125 0.041015625
0 0.418212890625 0.268798828125 0.05615234375 0.06005859375
0 0.515625 0.21728515625 0.068359375 0.0625
0 0.49609375 0.17333984375 0.0341796875 0.0341796875
0 0.52392578125 0.17236328125 0.0244140625 0.0234375
0 0.5341796875 0.322021484375 0.0341796875 0.02685546875
0 0.52880859375 0.3447265625 0.0283203125 0.0263671875
0 0.032470703125 0.451171875 0.05126953125 0.0673828125
0 0.118408203125 0.4208984375 0.05712890625 0.0625
0 0.17626953125 0.435546875 0.0595703125 0.0654296875
0 0.232666015625 0.43603515625 0.10205078125 0.1123046875
0 0.250244140625 0.40380859375 0.03466796875 0.041015625
0 0.099853515625 0.529296875 0.05126953125 0.0498046875
0 0.149658203125 0.585693359375 0.07666015625 0.07958984375
0 0.2236328125 0.552490234375 0.0625 0.07666015625
0 0.26611328125 0.49755859375 0.03515625 0.0390625
0 0.250244140625 0.637451171875 0.06884765625 0.04443359375
0 0.22021484375 0.626953125 0.0703125 0.041015625
0 0.373046875 0.58740234375 0.0517578125 0.0439453125
0 0.31005859375 0.667236328125 0.0673828125 0.07470703125
0 0.43359375 0.603271484375 0.0615234375 0.06689453125
0 0.482666015625 0.59814453125 0.08251953125 0.1015625
0 0.461669921875 0.4814453125 0.04931640625 0.0439453125
0 0.40087890625 0.398193359375 0.044921875 0.03955078125
0 0.283203125 0.724853515625 0.0751953125 0.06396484375
0 0.356201171875 0.680419921875 0.07275390625 0.07568359375
0 0.27783203125 0.668212890625 0.0341796875 0.06005859375
0 0.42626953125 0.685546875 0.048828125 0.044921875
0 0.52001953125 0.64990234375 0.0341796875 0.0380859375
0 0.4892578125 0.669677734375 0.04296875 0.06884765625
0 0.57958984375 0.691650390625 0.037109375 0.04736328125
0 0.549072265625 0.6982421875 0.04541015625 0.037109375
0 0.56591796875 0.73486328125 0.0576171875 0.046875
0 0.51220703125 0.77001953125 0.0732421875 0.0703125
0 0.404052734375 0.73974609375 0.02294921875 0.0322265625
0 0.36669921875 0.797119140625 0.046875 0.03857421875
0 0.44873046875 0.793701171875 0.05078125 0.06103515625
0 0.34326171875 0.72412109375 0.0458984375 0.0263671875
0 0.219970703125 0.923828125 0.03662109375 0.0361328125
0 0.215087890625 0.963623046875 0.04931640625 0.05322265625
0 0.453369140625 0.9384765625 0.08935546875 0.0546875
0 0.399658203125 0.900390625 0.08154296875 0.048828125
0 0.4697265625 0.887451171875 0.056640625 0.06494140625
0 0.519287109375 0.8798828125 0.07373046875 0.1279296875
0 0.40966796875 0.8759765625 0.0791015625 0.07421875
0 0.45849609375 0.84716796875 0.033203125 0.03125
0 0.538818359375 0.810791015625 0.03369140625 0.03369140625
0 0.485595703125 0.816162109375 0.07275390625 0.08056640625
0 0.629150390625 0.936767578125 0.08740234375 0.08447265625
0 0.649169921875 0.857666015625 0.03369140625 0.04248046875
0 0.8388671875 0.929443359375 0.0693359375 0.08154296875
0 0.936279296875 0.94873046875 0.05517578125 0.064453125
0 0.89208984375 0.9111328125 0.0693359375 0.0908203125
0 0.80419921875 0.859375 0.0595703125 0.0498046875
0 0.87060546875 0.831787109375 0.09765625 0.08642578125
0 0.764892578125 0.814208984375 0.07763671875 0.05810546875
0 0.651123046875 0.77099609375 0.07275390625 0.1162109375
0 0.80078125 0.75048828125 0.0634765625 0.046875
0 0.86279296875 0.75439453125 0.0546875 0.0751953125
0 0.88916015625 0.75390625 0.0244140625 0.037109375
0 0.92333984375 0.71044921875 0.04296875 0.0419921875
0 0.639892578125 0.6845703125 0.04736328125 0.0673828125
0 0.5693359375 0.65625 0.033203125 0.03515625
0 0.824462890625 0.671630859375 0.06787109375 0.06298828125
0 0.70849609375 0.669677734375 0.0556640625 0.07958984375
0 0.8173828125 0.62548828125 0.0537109375 0.037109375
0 0.76904296875 0.580078125 0.099609375 0.0673828125
0 0.891845703125 0.54296875 0.05224609375 0.044921875
0 0.97119140625 0.562744140625 0.0380859375 0.03955078125
0 0.521240234375 0.48876953125 0.04150390625 0.037109375
0 0.58984375 0.51513671875 0.05078125 0.099609375
0 0.669921875 0.470703125 0.0830078125 0.0634765625
0 0.69775390625 0.592529296875 0.0498046875 0.05126953125
0 0.70947265625 0.55224609375 0.0390625 0.04296875
0 0.76513671875 0.4990234375 0.08203125 0.037109375
0 0.98583984375 0.5302734375 0.02734375 0.0341796875
0 0.861328125 0.4111328125 0.1015625 0.056640625
0 0.70703125 0.481689453125 0.076171875 0.06005859375
0 0.74755859375 0.47216796875 0.03125 0.0322265625
0 0.67041015625 0.40771484375 0.10546875 0.0888671875
0 0.719482421875 0.426513671875 0.05322265625 0.04248046875
0 0.531005859375 0.136962890625 0.05322265625 0.06298828125
0 0.5537109375 0.120849609375 0.041015625 0.03369140625
0 0.627685546875 0.123046875 0.11279296875 0.111328125
0 0.65087890625 0.075439453125 0.068359375 0.03857421875
0 0.589111328125 0.078125 0.04150390625 0.0537109375
0 0.835205078125 0.08837890625 0.02783203125 0.0302734375
0 0.859619140625 0.107421875 0.03759765625 0.03515625
0 0.79248046875 0.208251953125 0.072265625 0.09521484375
0 0.91015625 0.22705078125 0.080078125 0.0634765625
0 0.97021484375 0.169677734375 0.05859375 0.08740234375
0 0.858154296875 0.154296875 0.06787109375 0.072265625
0 0.964599609375 0.053466796875 0.06982421875 0.06298828125
0 0.78125 0.1357421875 0.0703125 0.0546875
0 0.736328125 0.134033203125 0.029296875 0.04638671875
0 0.7333984375 0.159423828125 0.05078125 0.05126953125
0 0.733154296875 0.0595703125 0.05419921875 0.0458984375
0 0.758056640625 0.026123046875 0.05517578125 0.04541015625
0 0.480712890625 0.0390625 0.06005859375 0.076171875
0 0.629150390625 0.330078125 0.07275390625 0.09765625
0 0.606201171875 0.3056640625 0.03466796875 0.048828125
0 0.674560546875 0.24072265625 0.03857421875 0.033203125
0 0.764892578125 0.314208984375 0.03662109375 0.06396484375
0 0.57861328125 0.19873046875 0.0302734375 0.0283203125
0 0.56396484375 0.26904296875 0.1083984375 0.0771484375
0 0.814208984375 0.255615234375 0.09521484375 0.09033203125
0 0.68505859375 0.350830078125 0.0673828125 0.07080078125
0 0.880126953125 0.364501953125 0.02783203125 0.02587890625
0 0.91845703125 0.37060546875 0.044921875 0.037109375
0 0.979248046875 0.31689453125 0.04052734375 0.080078125
0 0.9365234375 0.32861328125 0.056640625 0.052734375
0 0.691650390625 0.293701171875 0.03271484375 0.03173828125
0 0.6923828125 0.19921875 0.015625 0.0244140625
0 0.736572265625 0.21435546875 0.08251953125 0.09375
0 0.75732421875 0.777099609375 0.0400390625 0.03466796875
0 0.6103515625 0.04833984375 0.0380859375 0.0439453125
0 0.046630859375 0.06298828125 0.06201171875 0.056640625
0 0.11669921875 0.067626953125 0.048828125 0.03759765625
0 0.081298828125 0.10498046875 0.06201171875 0.0830078125
0 0.109619140625 0.180908203125 0.05224609375 0.06689453125
0 0.27978515625 0.100830078125 0.03125 0.02978515625
0 0.273681640625 0.043701171875 0.07275390625 0.08740234375
0 0.37744140625 0.061767578125 0.0498046875 0.07666015625
0 0.44775390625 0.06787109375 0.0556640625 0.0498046875
0 0.511962890625 0.064208984375 0.05224609375 0.06396484375
0 0.421142578125 0.165771484375 0.05419921875 0.03271484375
0 0.34912109375 0.11328125 0.060546875 0.064453125
0 0.2666015625 0.131103515625 0.0556640625 0.05419921875
0 0.1953125 0.36669921875 0.06640625 0.078125
0 0.256103515625 0.359375 0.06689453125 0.0556640625
0 0.34033203125 0.34130859375 0.0546875 0.0478515625
0 0.085205078125 0.348388671875 0.03466796875 0.03857421875
0 0.20849609375 0.31884765625 0.0673828125 0.0654296875
0 0.2783203125 0.31201171875 0.0380859375 0.0322265625
0 0.3681640625 0.297119140625 0.072265625 0.08447265625
0 0.422119140625 0.308837890625 0.04443359375 0.05126953125
0 0.465576171875 0.28076171875 0.05126953125 0.078125
0 0.480712890625 0.23046875 0.05908203125 0.0654296875
0 0.5361328125 0.397216796875 0.037109375 0.03466796875
0 0.06982421875 0.43994140625 0.083984375 0.068359375
0 0.140380859375 0.451904296875 0.06298828125 0.07080078125
0 0.035400390625 0.36669921875 0.04248046875 0.0361328125
0 0.312255859375 0.412109375 0.03759765625 0.056640625
0 0.329345703125 0.44140625 0.08935546875 0.0478515625
0 0.14599609375 0.512939453125 0.06640625 0.06689453125
0 0.1328125 0.64453125 0.0556640625 0.0556640625
0 0.0439453125 0.59521484375 0.087890625 0.0771484375
0 0.0224609375 0.5439453125 0.0439453125 0.05078125
0 0.051513671875 0.538818359375 0.06787109375 0.07275390625
0 0.29541015625 0.598876953125 0.056640625 0.05322265625
0 0.36376953125 0.547607421875 0.044921875 0.04443359375
0 0.19970703125 0.6015625 0.0546875 0.0546875
0 0.063720703125 0.748779296875 0.10693359375 0.11474609375
0 0.136474609375 0.68994140625 0.05419921875 0.0576171875
0 0.19580078125 0.683837890625 0.0634765625 0.06689453125
0 0.25439453125 0.69921875 0.0556640625 0.05078125
0 0.350341796875 0.758056640625 0.05517578125 0.05712890625
0 0.38623046875 0.817626953125 0.111328125 0.11962890625
0 0.301025390625 0.7626953125 0.02978515625 0.0380859375
0 0.57763671875 0.779052734375 0.0869140625 0.07666015625
0 0.587890625 0.838623046875 0.072265625 0.05908203125
0 0.580322265625 0.883544921875 0.06005859375 0.07177734375
0 0.73046875 0.87158203125 0.0712890625 0.0810546875
0 0.697509765625 0.836181640625 0.06982421875 0.05224609375
0 0.626953125 0.81787109375 0.041015625 0.0439453125
0 0.6953125 0.760986328125 0.0830078125 0.10205078125
0 0.597412109375 0.643798828125 0.05712890625 0.06982421875
0 0.605224609375 0.706787109375 0.03857421875 0.06298828125
0 0.346435546875 0.60546875 0.07568359375 0.0888671875
0 0.4423828125 0.6533203125 0.05859375 0.037109375
0 0.418701171875 0.723876953125 0.05615234375 0.04052734375
0 0.556396484375 0.583251953125 0.10302734375 0.08154296875
0 0.7353515625 0.6904296875 0.07421875 0.091796875
0 0.79296875 0.712158203125 0.0341796875 0.04638671875
0 0.913818359375 0.65966796875 0.07373046875 0.1142578125
0 0.88232421875 0.66162109375 0.0341796875 0.0400390625
0 0.865966796875 0.663330078125 0.04736328125 0.08251953125
0 0.666259765625 0.62939453125 0.09521484375 0.0693359375
0 0.748779296875 0.625 0.04150390625 0.0419921875
0 0.9443359375 0.5126953125 0.076171875 0.0751953125
0 0.96728515625 0.462646484375 0.064453125 0.03271484375
0 0.948974609375 0.37353515625 0.04638671875 0.05078125
0 0.819091796875 0.463623046875 0.06103515625 0.06396484375
0 0.786376953125 0.4814453125 0.04150390625 0.044921875
0 0.590087890625 0.42578125 0.08154296875 0.1005859375
0 0.760986328125 0.41552734375 0.04443359375 0.0625
0 0.921875 0.10107421875 0.0908203125 0.0791015625
0 0.771240234375 0.0791015625 0.04931640625 0.0673828125
0 0.716552734375 0.1005859375 0.07763671875 0.0654296875
0 0.560546875 0.02587890625 0.07421875 0.0517578125
0 0.72705078125 0.308349609375 0.0810546875 0.06494140625
0 0.7353515625 0.36328125 0.0595703125 0.0634765625
0 0.785400390625 0.3564453125 0.06298828125 0.0654296875
0 0.814697265625 0.31884765625 0.06494140625 0.064453125
0 0.80078125 0.40087890625 0.044921875 0.0380859375
0 0.962158203125 0.257080078125 0.07470703125 0.09423828125
0 0.891357421875 0.291015625 0.06103515625 0.0712890625
0 0.86328125 0.32666015625 0.044921875 0.0693359375
0 0.842529296875 0.374755859375 0.07177734375 0.06201171875
0 0.011962890625 0.224365234375 0.02392578125 0.07275390625
0 0.010009765625 0.163818359375 0.02001953125 0.06005859375
0 0.97705078125 0.886962890625 0.044921875 0.07763671875
0 0.815185546875 0.983642578125 0.04541015625 0.03173828125
0 0.706298828125 0.523681640625 0.03857421875 0.03076171875
0 0.629638671875 0.031494140625 0.05029296875 0.05810546875
0 0.44970703125 0.524169921875 0.052734375 0.05029296875
0 0.3974609375 0.517333984375 0.056640625 0.07666015625
0 0.132080078125 0.01708984375 0.05224609375 0.0341796875
0 0.224609375 0.15966796875 0.0615234375 0.0517578125
0 0.225830078125 0.258544921875 0.05322265625 0.07275390625
0 0.2314453125 0.079833984375 0.0673828125 0.10009765625
0 0.404296875 0.10693359375 0.099609375 0.111328125
0 0.5322265625 0.0966796875 0.033203125 0.0322265625
0 0.469970703125 0.135009765625 0.05810546875 0.09130859375
0 0.333984375 0.244140625 0.0595703125 0.0712890625
0 0.3740234375 0.377685546875 0.1142578125 0.08251953125
0 0.300537109375 0.331787109375 0.05810546875 0.06298828125
0 0.328369140625 0.4892578125 0.08447265625 0.08203125
0 0.076904296875 0.649658203125 0.04931640625 0.06689453125
0 0.036376953125 0.669189453125 0.04248046875 0.05322265625
0 0.26171875 0.5673828125 0.0654296875 0.0947265625
0 0.204833984375 0.51220703125 0.03173828125 0.0478515625
0 0.399169921875 0.434814453125 0.05712890625 0.04931640625
0 0.419921875 0.537109375 0.037109375 0.033203125
0 0.50439453125 0.712158203125 0.0498046875 0.04638671875
0 0.3154296875 0.798828125 0.0595703125 0.0625
0 0.556640625 0.9580078125 0.09375 0.0830078125
0 0.83837890625 0.76220703125 0.056640625 0.1015625
0 0.777587890625 0.658203125 0.05712890625 0.07421875
0 0.865478515625 0.568115234375 0.09521484375 0.04833984375
0 0.533935546875 0.455078125 0.07177734375 0.083984375
0 0.6552734375 0.505615234375 0.076171875 0.05322265625
0 0.76904296875 0.52734375 0.083984375 0.046875
0 0.83984375 0.501220703125 0.0771484375 0.07666015625
0 0.892578125 0.4951171875 0.0576171875 0.0595703125
0 0.898681640625 0.4384765625 0.07080078125 0.0703125
0 0.79736328125 0.44189453125 0.0751953125 0.0556640625
0 0.692138671875 0.050048828125 0.05517578125 0.06005859375
0 0.901611328125 0.0673828125 0.05810546875 0.064453125
0 0.982177734375 0.091796875 0.03466796875 0.0927734375
0 0.802978515625 0.097900390625 0.06396484375 0.05712890625
0 0.6357421875 0.239013671875 0.0927734375 0.08740234375
0 0.9296875 0.028564453125 0.064453125 0.05322265625
0 0.78857421875 0.779296875 0.0439453125 0.0498046875
