0 0.18896484375 0.073974609375 0.0810546875 0.09033203125
0 0.16552734375 0.120849609375 0.09375 0.07666015625
0 0.0908203125 0.162109375 0.06640625 0.0439453125
0 0.182373046875 0.173583984375 0.03955078125 0.03564453125
0 0.228759765625 0.214599609375 0.10107421875 0.08251953125
0 0.298583984375 0.152587890625 0.09326171875 0.08447265625
0 0.3623046875 0.10498046875 0.0810546875 0.072265625
0 0.375244140625 0.261962890625 0.10302734375 0.10888671875
0 0.5224609375 0.315673828125 0.068359375 0.08837890625
0 0.549560546875 0.363525390625 0.08447265625 0.06787109375
0 0.564697265625 0.18115234375 0.07763671875 0.126953125
0 0.65283203125 0.184326171875 0.1005859375 0.06689453125
0 0.599365234375 0.25390625 0.07666015625 0.0810546875
0 0.608154296875 0.2041015625 0.03662109375 0.03125
0 0.599365234375 0.11376953125 0.07275390625 0.099609375
0 0.78076171875 0.117431640625 0.0654296875 0.06103515625
0 0.826171875 0.083984375 0.0908203125 0.0859375
0 0.802734375 0.210205078125 0.091796875 0.08251953125
0 0.74560546875 0.272216796875 0.0888671875 0.08740234375
0 0.931884765625 0.254638671875 0.07861328125 0.08251953125
0 0.812744140625 0.292724609375 0.06982421875 0.10205078125
0 0.879638671875 0.375244140625 0.07763671875 0.06396484375
0 0.920654296875 0.350341796875 0.05126953125 0.07470703125
0 0.751220703125 0.442626953125 0.09423828125 0.08544921875
0 0.734375 0.39306640625 0.048828125 0.0634765625
0 0.69580078125 0.39453125 0.064453125 0.080078125
0 0.653564453125 0.469970703125 0.12158203125 0.10107421875
0 0.900390625 0.56396484375 0.0478515625 0.0849609375
0 0.870361328125 0.55419921875 0.04541015625 0.046875
0 0.856689453125 0.618408203125 0.08447265625 0.08642578125
0 0.961669921875 0.633056640625 0.07470703125 0.09326171875
0 0.822265625 0.541259765625 0.0625 0.05419921875
0 0.601806640625 0.573974609375 0.07861328125 0.06787109375
0 0.650634765625 0.659912109375 0.10107421875 0.06884765625
0 0.93896484375 0.78076171875 0.0693359375 0.0830078125
0 0.970947265625 0.743408203125 0.05712890625 0.09130859375
0 0.83251953125 0.712158203125 0.078125 0.09716796875
0 0.68505859375 0.78955078125 0.037109375 0.052734375
0 0.799560546875 0.6865234375 0.07470703125 0.0654296875
0 0.699951171875 0.722900390625 0.03173828125 0.02880859375
0 0.763916015625 0.7109375 0.05810546875 0.046875
0 0.718505859375 0.699951171875 0.06103515625 0.06298828125
0 0.7607421875 0.8037109375 0.1396484375 0.1728515625
0 0.869140625 0.816650390625 0.1005859375 0.11865234375
0 0.895751953125 0.930908203125 0.05810546875 0.05029296875
0 0.975341796875 0.836181640625 0.04833984375 0.05322265625
0 0.94873046875 0.855712890625 0.0791015625 0.10498046875
0 0.762939453125 0.97900390625 0.06591796875 0.041015625
0 0.8291015625 0.973388671875 0.07421875 0.05224609375
0 0.574462890625 0.97900390625 0.07373046875 0.041015625
0 0.465576171875 0.90478515625 0.09033203125 0.1201171875
0 0.554931640625 0.760498046875 0.10498046875 0.10302734375
0 0.581787109375 0.720947265625 0.06591796875 0.04931640625
0 0.444580078125 0.7314453125 0.05517578125 0.0595703125
0 0.366455078125 0.81201171875 0.12060546875 0.078125
0 0.35009765625 0.883544921875 0.10546875 0.07763671875
0 0.4033203125 0.7138671875 0.0830078125 0.0810546875
0 0.285888671875 0.776123046875 0.05517578125 0.05322265625
0 0.5517578125 0.675537109375 0.0791015625 0.08642578125
0 0.56591796875 0.462646484375 0.0703125 0.04833984375
0 0.250244140625 0.916259765625 0.08837890625 0.10791015625
0 0.291259765625 0.607421875 0.06591796875 0.07421875
0 0.28076171875 0.55859375 0.1123046875 0.0625
0 0.201904296875 0.58935546875 0.06005859375 0.09765625
0 0.138916015625 0.654541015625 0.07861328125 0.07763671875
0 0.15576171875 0.61474609375 0.0517578125 0.046875
0 0.23974609375 0.59814453125 0.0380859375 0.0478515625
0 0.047119140625 0.656982421875 0.05419921875 0.08349609375
0 0.02685546875 0.807373046875 0.0537109375 0.09326171875
0 0.12060546875 0.853759765625 0.076171875 0.10205078125
0 0.0546875 0.931640625 0.076171875 0.1240234375
0 0.077880859375 0.042724609375 0.12939453125 0.08251953125
0 0.07763671875 0.091064453125 0.0830078125 0.07373046875
0 0.22265625 0.131591796875 0.076171875 0.09814453125
0 0.152099609375 0.1845703125 0.06005859375 0.060546875
0 0.042236328125 0.199462890625 0.08447265625 0.08447265625
0 0.143798828125 0.3037109375 0.11376953125 0.10546875
0 0.57763671875 0.31201171875 0.0576171875 0.091796875
0 0.53076171875 0.02001953125 0.0830078125 0.0400390625
0 0.51806640625 0.115478515625 0.0546875 0.05419921875
0 0.671630859375 0.1318359375 0.08056640625 0.060546875
0 0.763427734375 0.053466796875 0.09619140625 0.09326171875
0 0.818603515625 0.158935546875 0.06494140625 0.08251953125
0 0.844970703125 0.04833984375 0.12060546875 0.0966796875
0 0.912109375 0.121337890625 0.095703125 0.09521484375
0 0.87890625 0.1796875 0.0888671875 0.068359375
0 0.866455078125 0.2236328125 0.04931640625 0.044921875
0 0.831787109375 0.326416015625 0.03759765625 0.05029296875
0 0.675537109375 0.320556640625 0.09912109375 0.08740234375
0 0.919921875 0.620849609375 0.05078125 0.05419921875
0 0.623046875 0.515869140625 0.08203125 0.06884765625
0 0.66259765625 0.554443359375 0.0712890625 0.08544921875
0 0.63330078125 0.765625 0.068359375 0.091796875
0 0.829833984375 0.930419921875 0.07080078125 0.06884765625
0 0.772705078125 0.92919921875 0.06591796875 0.0986328125
0 0.691162109375 0.8759765625 0.13720703125 0.146484375
0 0.906494140625 0.88427734375 0.06005859375 0.1064453125
0 0.597900390625 0.937744140625 0.10791015625 0.08056640625
0 0.435546875 0.94677734375 0.06640625 0.060546875
0 0.4208984375 0.875732421875 0.0712890625 0.09033203125
0 0.317138671875 0.7099609375 0.02783203125 0.0302734375
0 0.30615234375 0.64111328125 0.0654296875 0.080078125
0 0.232421875 0.514404296875 0.0634765625 0.06787109375
0 0.22265625 0.656982421875 0.1181640625 0.08544921875
0 0.023193359375 0.534912109375 0.04638671875 0.05810546875
0 0.213623046875 0.800537109375 0.06103515625 0.06689453125
0 0.16455078125 0.7412109375 0.08203125 0.1064453125
0 0.13623046875 0.716064453125 0.0625 0.08642578125
0 0.074951171875 0.818115234375 0.09326171875 0.11767578125
0 0.079345703125 0.976318359375 0.07177734375 0.04638671875
0 0.040283203125 0.031494140625 0.05029296875 0.03076171875
0 0.3046875 0.09521484375 0.04296875 0.0517578125
0 0.350830078125 0.060546875 0.04052734375 0.048828125
0 0.326171875 0.0986328125 0.029296875 0.0322265625
0 0.320556640625 0.201171875 0.08056640625 0.0888671875
0 0.371337890625 0.214599609375 0.04443359375 0.05322265625
0 0.27099609375 0.0390625 0.0400390625 0.078125
0 0.219970703125 0.02197265625 0.07958984375 0.0439453125
0 0.009765625 0.083251953125 0.01953125 0.06005859375
0 0.125732421875 0.207763671875 0.09814453125 0.08251953125
0 0.4404296875 0.211181640625 0.068359375 0.09130859375
0 0.536376953125 0.2607421875 0.06591796875 0.0478515625
0 0.626220703125 0.310302734375 0.05419921875 0.05908203125
0 0.4609375 0.03564453125 0.0625 0.0712890625
0 0.51171875 0.048828125 0.0732421875 0.0859375
0 0.63818359375 0.0419921875 0.099609375 0.083984375
0 0.58935546875 0.02001953125 0.0419921875 0.0400390625
0 0.504638671875 0.172119140625 0.05712890625 0.06591796875
0 0.707275390625 0.0302734375 0.05419921875 0.0546875
0 0.735107421875 0.112548828125 0.03564453125 0.03662109375
0 0.747802734375 0.163818359375 0.10009765625 0.08447265625
0 0.890869140625 0.03173828125 0.05419921875 0.0634765625
0 0.97607421875 0.02783203125 0.046875 0.0556640625
0 0.93701171875 0.0302734375 0.0478515625 0.060546875
0 0.972900390625 0.187255859375 0.05322265625 0.07861328125
0 0.9169921875 0.210693359375 0.078125 0.09033203125
0 0.662841796875 0.251220703125 0.08642578125 0.11181640625
0 0.8330078125 0.272705078125 0.0517578125 0.06689453125
0 0.885009765625 0.305908203125 0.07470703125 0.10107421875
0 0.823486328125 0.385009765625 0.07763671875 0.08349609375
0 0.959228515625 0.268798828125 0.08056640625 0.11083984375
0 0.959716796875 0.448974609375 0.06884765625 0.07080078125
0 0.8828125 0.437744140625 0.0986328125 0.07568359375
0 0.639892578125 0.3828125 0.06591796875 0.08203125
0 0.61767578125 0.438720703125 0.0390625 0.05419921875
0 0.595947265625 0.39208984375 0.04052734375 0.0537109375
0 0.68212890625 0.427001953125 0.0576171875 0.04248046875
0 0.970458984375 0.3037109375 0.05810546875 0.0849609375
0 0.8193359375 0.445556640625 0.0498046875 0.04638671875
0 0.71923828125 0.55322265625 0.083984375 0.0830078125
0 0.81787109375 0.575927734375 0.087890625 0.05224609375
0 0.9560546875 0.54296875 0.0869140625 0.1240234375
0 0.952880859375 0.66796875 0.04345703125 0.029296875
0 0.789306640625 0.594482421875 0.03271484375 0.03955078125
0 0.81591796875 0.648681640625 0.078125 0.04833984375
0 0.73779296875 0.64794921875 0.0830078125 0.0810546875
0 0.65625 0.6123046875 0.0478515625 0.0546875
0 0.605712890625 0.6201171875 0.05810546875 0.0556640625
0 0.69140625 0.616943359375 0.0361328125 0.05712890625
0 0.740234375 0.587646484375 0.0888671875 0.05908203125
0 0.59130859375 0.675537109375 0.046875 0.05712890625
0 0.895263671875 0.699951171875 0.09228515625 0.08837890625
0 0.885986328125 0.752197265625 0.05615234375 0.05126953125
0 0.849853515625 0.752197265625 0.04638671875 0.05419921875
0 0.763427734375 0.7685546875 0.04541015625 0.044921875
0 0.739990234375 0.739501953125 0.07470703125 0.04638671875
0 0.59765625 0.89990234375 0.107421875 0.0654296875
0 0.962646484375 0.97509765625 0.06103515625 0.048828125
0 0.8701171875 0.900634765625 0.0263671875 0.03466796875
0 0.933837890625 0.880126953125 0.03466796875 0.04833984375
0 0.68359375 0.981689453125 0.03515625 0.03564453125
0 0.61865234375 0.988037109375 0.048828125 0.02294921875
0 0.575927734375 0.841552734375 0.12939453125 0.09521484375
0 0.515869140625 0.917724609375 0.04052734375 0.07568359375
0 0.494873046875 0.962646484375 0.05908203125 0.06201171875
0 0.421630859375 0.97509765625 0.06884765625 0.048828125
0 0.660888671875 0.814453125 0.04638671875 0.056640625
0 0.4970703125 0.77685546875 0.0673828125 0.0732421875
0 0.553466796875 0.794677734375 0.05908203125 0.04443359375
0 0.362548828125 0.744384765625 0.07861328125 0.09033203125
0 0.297119140625 0.73095703125 0.04052734375 0.0322265625
0 0.41162109375 0.642578125 0.078125 0.02734375
0 0.40576171875 0.614990234375 0.03515625 0.03076171875
0 0.5361328125 0.6279296875 0.0869140625 0.1259765625
0 0.56298828125 0.42333984375 0.08203125 0.0625
0 0.34716796875 0.94775390625 0.1171875 0.0947265625
0 0.12060546875 0.896484375 0.052734375 0.07421875
0 0.169677734375 0.9384765625 0.07568359375 0.0439453125
0 0.169189453125 0.887939453125 0.06005859375 0.06884765625
0 0.1396484375 0.977783203125 0.0546875 0.04345703125
0 0.11865234375 0.602294921875 0.033203125 0.03466796875
0 0.08349609375 0.646484375 0.0537109375 0.06640625
0 0.38134765625 0.403076171875 0.0302734375 0.02783203125
0 0.038818359375 0.580810546875 0.06982421875 0.07275390625
0 0.067138671875 0.597412109375 0.06494140625 0.06005859375
0 0.01416015625 0.61572265625 0.0 0.0
0 0.01318359375 0.658935546875 0.0263671875 0.07568359375
0 0.21240234375 0.746826171875 0.0439453125 0.05810546875
0 0.244140625 0.766845703125 0.041015625 0.05517578125
0 0.0654296875 0.723876953125 0.087890625 0.10107421875
0 0.105712890625 0.759033203125 0.04638671875 0.07958984375
0 0.164794921875 0.813232421875 0.05615234375 0.07958984375
0 0.09765625 0.26171875 0.046875 0.048828125
0 0.4619140625 0.290771484375 0.1005859375 0.12353515625
0 0.7177734375 0.208984375 0.0888671875 0.07421875
0 0.95556640625 0.099365234375 0.087890625 0.10009765625
0 0.760986328125 0.34619140625 0.10302734375 0.119140625
0 0.964111328125 0.366943359375 0.05810546875 0.09814453125
0 0.938720703125 0.404296875 0.05322265625 0.048828125
0 0.88818359375 0.498779296875 0.091796875 0.08935546875
0 0.7822265625 0.50732421875 0.140625 0.1064453125
0 0.631103515625 0.6875 0.06103515625 0.07421875
0 0.693115234375 0.752685546875 0.03271484375 0.03759765625
0 0.956298828125 0.9345703125 0.06689453125 0.0634765625
0 0.228271484375 0.973388671875 0.07861328125 0.05224609375
0 0.212158203125 0.872314453125 0.07373046875 0.09228515625
0 0.01806640625 0.9072265625 0.0361328125 0.1025390625
