0 0.4228515625 0.3525390625 0.02734375 0.04296875
0 0.150390625 0.6171875 0.0654296875 0.05859375
0 0.251953125 0.961669921875 0.0556640625 0.03857421875
0 0.070068359375 0.017333984375 0.04150390625 0.03466796875
0 0.056640625 0.260009765625 0.04296875 0.04345703125
0 0.177490234375 0.228271484375 0.04052734375 0.03173828125
0 0.4111328125 0.268798828125 0.080078125 0.07470703125
0 0.451416015625 0.172607421875 0.08837890625 0.07763671875
0 0.959228515625 0.178466796875 0.04736328125 0.06982421875
0 0.9072265625 0.230712890625 0.08203125 0.07568359375
0 0.9609375 0.268798828125 0.0537109375 0.03955078125
0 0.76904296875 0.40966796875 0.0322265625 0.0361328125
0 0.07080078125 0.59619140625 0.060546875 0.056640625
0 0.01025390625 0.94140625 0.0205078125 0.037109375
0 0.242919921875 0.915283203125 0.09521484375 0.09619140625
0 0.10693359375 0.826171875 0.048828125 0.0712890625
0 0.425537109375 0.931884765625 0.05908203125 0.08251953125
0 0.71533203125 0.90380859375 0.064453125 0.0361328125
0 0.602294921875 0.886962890625 0.07666015625 0.05322265625
0 0.96044921875 0.970458984375 0.0654296875 0.05419921875
0 0.66162109375 0.832275390625 0.037109375 0.04541015625
0 0.988037109375 0.400146484375 0.02294921875 0.05712890625
0 0.6201171875 0.54638671875 0.0673828125 0.048828125
0 0.250732421875 0.621826171875 0.03857421875 0.03369140625
0 0.503662109375 0.5693359375 0.05712890625 0.0537109375
0 0.029296875 0.0634765625 0.05859375 0.08203125
0 0.0283203125 0.12109375 0.056640625 0.0380859375
0 0.076171875 0.1435546875 0.0390625 0.04296875
0 0.082275390625 0.211181640625 0.07275390625 0.08544921875
0 0.02880859375 0.180419921875 0.0576171875 0.07666015625
0 0.112548828125 0.128662109375 0.07666015625 0.08251953125
0 0.1474609375 0.164306640625 0.03515625 0.05029296875
0 0.15625 0.1337890625 0.0341796875 0.033203125
0 0.1767578125 0.111572265625 0.0595703125 0.04541015625
0 0.176025390625 0.019287109375 0.03173828125 0.02685546875
0 0.129150390625 0.071044921875 0.03955078125 0.04443359375
0 0.274658203125 0.14501953125 0.08056640625 0.0712890625
0 0.233642578125 0.19921875 0.08056640625 0.07421875
0 0.17578125 0.263671875 0.0234375 0.0224609375
0 0.1259765625 0.318603515625 0.0166015625 0.02197265625
0 0.258056640625 0.315673828125 0.02197265625 0.02392578125
0 0.28076171875 0.311767578125 0.037109375 0.02294921875
0 0.27880859375 0.27099609375 0.08203125 0.068359375
0 0.181396484375 0.376220703125 0.05908203125 0.05419921875
0 0.1171875 0.385498046875 0.0693359375 0.06396484375
0 0.04931640625 0.455322265625 0.068359375 0.05712890625
0 0.313232421875 0.388916015625 0.05126953125 0.06103515625
0 0.397216796875 0.34716796875 0.03564453125 0.0439453125
0 0.3740234375 0.326904296875 0.0576171875 0.05810546875
0 0.3896484375 0.301025390625 0.0244140625 0.02099609375
0 0.36083984375 0.216796875 0.0498046875 0.05078125
0 0.439208984375 0.111572265625 0.07958984375 0.05810546875
0 0.493408203125 0.123291015625 0.07080078125 0.07470703125
0 0.386962890625 0.044189453125 0.07275390625 0.05908203125
0 0.44140625 0.053955078125 0.0712890625 0.07275390625
0 0.502685546875 0.04345703125 0.06201171875 0.072265625
0 0.805419921875 0.03125 0.04443359375 0.0625
0 0.608154296875 0.019775390625 0.06103515625 0.03955078125
0 0.679931640625 0.010498046875 0.06689453125 0.02099609375
0 0.92919921875 0.072509765625 0.0556640625 0.05712890625
0 0.977783203125 0.064697265625 0.04345703125 0.04931640625
0 0.89697265625 0.177978515625 0.087890625 0.07080078125
0 0.820068359375 0.186279296875 0.07763671875 0.05810546875
0 0.784423828125 0.205078125 0.06201171875 0.05859375
0 0.814208984375 0.250732421875 0.07763671875 0.06982421875
0 0.875732421875 0.2587890625 0.05224609375 0.0576171875
0 0.96728515625 0.23193359375 0.05078125 0.04296875
0 0.9033203125 0.294189453125 0.0625 0.06103515625
0 0.953369140625 0.317626953125 0.06884765625 0.07861328125
0 0.985107421875 0.252685546875 0.02880859375 0.03076171875
0 0.69677734375 0.310302734375 0.1015625 0.10107421875
0 0.490234375 0.321044921875 0.029296875 0.05322265625
0 0.490966796875 0.44921875 0.04052734375 0.0537109375
0 0.5009765625 0.42626953125 0.037109375 0.02734375
0 0.518798828125 0.37548828125 0.05126953125 0.0703125
0 0.478515625 0.380615234375 0.05078125 0.10107421875
0 0.6259765625 0.41943359375 0.0849609375 0.0791015625
0 0.796630859375 0.39453125 0.02685546875 0.0625
0 0.80712890625 0.341552734375 0.1708984375 0.09130859375
0 0.765380859375 0.34765625 0.01904296875 0.025390625
0 0.742431640625 0.379638671875 0.03564453125 0.03662109375
0 0.732421875 0.43896484375 0.0830078125 0.0703125
0 0.911865234375 0.372314453125 0.07958984375 0.10791015625
0 0.88671875 0.43408203125 0.07421875 0.0615234375
0 0.850830078125 0.40771484375 0.08056640625 0.087890625
0 0.699462890625 0.386962890625 0.08740234375 0.07861328125
0 0.66357421875 0.470947265625 0.0732421875 0.09423828125
0 0.458984375 0.324462890625 0.0419921875 0.06103515625
0 0.482666015625 0.285400390625 0.07080078125 0.05322265625
0 0.433349609375 0.357666015625 0.03857421875 0.03759765625
0 0.13720703125 0.51806640625 0.0556640625 0.0537109375
0 0.068359375 0.512451171875 0.037109375 0.04150390625
0 0.064697265625 0.4853515625 0.04345703125 0.0458984375
0 0.066162109375 0.54833984375 0.10400390625 0.056640625
0 0.025634765625 0.505126953125 0.05126953125 0.07861328125
0 0.126708984375 0.655029296875 0.08056640625 0.05810546875
0 0.13037109375 0.701904296875 0.0869140625 0.05224609375
0 0.212158203125 0.606201171875 0.07275390625 0.06884765625
0 0.200927734375 0.701416015625 0.05419921875 0.04345703125
0 0.1005859375 0.73291015625 0.0595703125 0.0673828125
0 0.162841796875 0.92333984375 0.07666015625 0.0703125
0 0.115966796875 0.8984375 0.07373046875 0.06640625
0 0.06103515625 0.840087890625 0.0556640625 0.07275390625
0 0.25146484375 0.836181640625 0.0556640625 0.04443359375
0 0.30517578125 0.845703125 0.04296875 0.0390625
0 0.336181640625 0.80419921875 0.04345703125 0.0673828125
0 0.340576171875 0.85205078125 0.04638671875 0.0458984375
0 0.33447265625 0.90625 0.09375 0.0703125
0 0.32666015625 0.966064453125 0.0830078125 0.05322265625
0 0.363525390625 0.89892578125 0.05908203125 0.1025390625
0 0.390380859375 0.94873046875 0.03662109375 0.0654296875
0 0.426025390625 0.844482421875 0.06005859375 0.04052734375
0 0.22802734375 0.736328125 0.060546875 0.0478515625
0 0.23681640625 0.79833984375 0.0654296875 0.09765625
0 0.296142578125 0.787841796875 0.04833984375 0.04052734375
0 0.44287109375 0.885009765625 0.0732421875 0.06396484375
0 0.613037109375 0.90576171875 0.03173828125 0.0361328125
0 0.65478515625 0.9111328125 0.0546875 0.04296875
0 0.668701171875 0.882568359375 0.06201171875 0.04052734375
0 0.579833984375 0.854736328125 0.10302734375 0.08447265625
0 0.650390625 0.866943359375 0.0400390625 0.02685546875
0 0.691650390625 0.861328125 0.05126953125 0.048828125
0 0.697998046875 0.953125 0.05908203125 0.07421875
0 0.784423828125 0.877685546875 0.06201171875 0.07470703125
0 0.728515625 0.8388671875 0.0400390625 0.033203125
0 0.960693359375 0.81689453125 0.05810546875 0.0712890625
0 0.9072265625 0.857177734375 0.0390625 0.03857421875
0 0.822998046875 0.747802734375 0.03466796875 0.03076171875
0 0.818603515625 0.78564453125 0.05517578125 0.099609375
0 0.775390625 0.78662109375 0.064453125 0.1103515625
0 0.879638671875 0.842041015625 0.03369140625 0.03076171875
0 0.8408203125 0.884765625 0.0556640625 0.0595703125
0 0.88427734375 0.707763671875 0.056640625 0.04443359375
0 0.95947265625 0.67626953125 0.068359375 0.078125
0 0.821533203125 0.69091796875 0.07763671875 0.068359375
0 0.86474609375 0.667724609375 0.044921875 0.06005859375
0 0.910400390625 0.638427734375 0.06884765625 0.09521484375
0 0.814208984375 0.61474609375 0.03271484375 0.0263671875
0 0.8955078125 0.490966796875 0.06640625 0.07958984375
0 0.84130859375 0.49169921875 0.068359375 0.08203125
0 0.705078125 0.50439453125 0.09765625 0.076171875
0 0.70361328125 0.58935546875 0.0361328125 0.0380859375
0 0.695556640625 0.562744140625 0.03369140625 0.03271484375
0 0.645263671875 0.614990234375 0.09130859375 0.11669921875
0 0.703369140625 0.658447265625 0.10791015625 0.05908203125
0 0.692626953125 0.7109375 0.08447265625 0.0615234375
0 0.75830078125 0.711669921875 0.0654296875 0.08447265625
0 0.780029296875 0.638916015625 0.07763671875 0.07861328125
0 0.7119140625 0.61767578125 0.076171875 0.0400390625
0 0.67041015625 0.74609375 0.052734375 0.029296875
0 0.637451171875 0.72900390625 0.02490234375 0.0283203125
0 0.607666015625 0.7529296875 0.05712890625 0.060546875
0 0.559814453125 0.679443359375 0.05029296875 0.05419921875
0 0.453369140625 0.745849609375 0.05322265625 0.06689453125
0 0.57421875 0.746826171875 0.01953125 0.09326171875
0 0.530517578125 0.7666015625 0.03759765625 0.0517578125
0 0.29150390625 0.72998046875 0.0615234375 0.078125
0 0.326904296875 0.68603515625 0.04052734375 0.048828125
0 0.18017578125 0.659912109375 0.0361328125 0.04248046875
0 0.272705078125 0.611328125 0.02978515625 0.0400390625
0 0.2470703125 0.595458984375 0.03125 0.02490234375
0 0.397705078125 0.67333984375 0.07275390625 0.0615234375
0 0.465576171875 0.630615234375 0.08056640625 0.05419921875
0 0.517578125 0.68701171875 0.0498046875 0.0498046875
0 0.593505859375 0.59619140625 0.05810546875 0.072265625
0 0.296875 0.536376953125 0.103515625 0.10205078125
0 0.45263671875 0.497314453125 0.0703125 0.08642578125
0 0.39599609375 0.46923828125 0.0400390625 0.0478515625
0 0.3662109375 0.490478515625 0.0419921875 0.04931640625
0 0.33642578125 0.50048828125 0.03515625 0.0390625
0 0.368408203125 0.537841796875 0.04052734375 0.05029296875
0 0.554931640625 0.3671875 0.03564453125 0.0458984375
0 0.84765625 0.01416015625 0.05078125 0.0283203125
0 0.051025390625 0.078369140625 0.04345703125 0.07861328125
0 0.088134765625 0.06982421875 0.04931640625 0.064453125
0 0.18798828125 0.080322265625 0.08203125 0.06689453125
0 0.20556640625 0.0341796875 0.060546875 0.0498046875
0 0.136474609375 0.032958984375 0.08740234375 0.06591796875
0 0.020263671875 0.030517578125 0.04052734375 0.06103515625
0 0.291748046875 0.030029296875 0.06201171875 0.06005859375
0 0.15576171875 0.192138671875 0.0625 0.07763671875
0 0.151123046875 0.34130859375 0.07568359375 0.0859375
0 0.08349609375 0.3583984375 0.0771484375 0.087890625
0 0.085205078125 0.2939453125 0.08837890625 0.064453125
0 0.238037109375 0.400146484375 0.05615234375 0.06494140625
0 0.181884765625 0.419921875 0.06396484375 0.0439453125
0 0.3603515625 0.288818359375 0.078125 0.07958984375
0 0.384033203125 0.384521484375 0.05126953125 0.07568359375
0 0.37841796875 0.144775390625 0.0703125 0.07861328125
0 0.521728515625 0.17236328125 0.06103515625 0.0654296875
0 0.873291015625 0.053466796875 0.08251953125 0.08935546875
0 0.7568359375 0.039794921875 0.0615234375 0.06591796875
0 0.684814453125 0.052490234375 0.07080078125 0.06201171875
0 0.96875 0.111083984375 0.05859375 0.05029296875
0 0.99072265625 0.09912109375 0.017578125 0.0458984375
0 0.9755859375 0.147216796875 0.0478515625 0.05029296875
0 0.990478515625 0.1943359375 0.01806640625 0.048828125
0 0.765380859375 0.375732421875 0.03662109375 0.03369140625
0 0.798583984375 0.44970703125 0.07958984375 0.06640625
0 0.420166015625 0.318115234375 0.03662109375 0.03076171875
0 0.196533203125 0.500732421875 0.08642578125 0.06396484375
0 0.09765625 0.5087890625 0.044921875 0.0498046875
0 0.26806640625 0.886962890625 0.08984375 0.07275390625
0 0.169189453125 0.845947265625 0.07666015625 0.10205078125
0 0.06982421875 0.920166015625 0.07421875 0.08642578125
0 0.157958984375 0.7626953125 0.10107421875 0.10546875
0 0.130126953125 0.778564453125 0.05126953125 0.03564453125
0 0.266845703125 0.760498046875 0.04736328125 0.04833984375
0 0.371337890625 0.792724609375 0.05126953125 0.08935546875
0 0.342041015625 0.744873046875 0.06201171875 0.07080078125
0 0.396728515625 0.724609375 0.05419921875 0.052734375
0 0.407470703125 0.761962890625 0.03955078125 0.04541015625
0 0.491943359375 0.97216796875 0.07763671875 0.0546875
0 0.490966796875 0.931884765625 0.05126953125 0.07861328125
0 0.62353515625 0.951171875 0.1015625 0.07421875
0 0.7412109375 0.9619140625 0.0830078125 0.0751953125
0 0.947509765625 0.93115234375 0.07470703125 0.0751953125
0 0.82666015625 0.8466796875 0.041015625 0.0380859375
0 0.8720703125 0.77685546875 0.0703125 0.0673828125
0 0.971923828125 0.777587890625 0.05517578125 0.07666015625
0 0.849853515625 0.734375 0.04345703125 0.05078125
0 0.959716796875 0.59423828125 0.07958984375 0.078125
0 0.8857421875 0.5615234375 0.0908203125 0.0966796875
0 0.970458984375 0.48779296875 0.05810546875 0.0732421875
0 0.964599609375 0.411376953125 0.06982421875 0.09326171875
0 0.75439453125 0.57666015625 0.087890625 0.07421875
0 0.6640625 0.56982421875 0.052734375 0.060546875
0 0.612548828125 0.6943359375 0.05908203125 0.09375
0 0.564208984375 0.6494140625 0.07568359375 0.048828125
0 0.46875 0.798583984375 0.083984375 0.05029296875
0 0.506591796875 0.742919921875 0.05615234375 0.06591796875
0 0.550048828125 0.750244140625 0.03662109375 0.05712890625
0 0.21923828125 0.67138671875 0.0458984375 0.0478515625
0 0.535888671875 0.60546875 0.06884765625 0.076171875
0 0.21337890625 0.54638671875 0.041015625 0.060546875
0 0.267578125 0.578125 0.0380859375 0.0390625
0 0.55224609375 0.54150390625 0.0654296875 0.060546875
0 0.499267578125 0.520263671875 0.06884765625 0.04736328125
0 0.40185546875 0.51708984375 0.0458984375 0.0537109375
0 0.43359375 0.452392578125 0.0791015625 0.05908203125
0 0.366943359375 0.453857421875 0.06005859375 0.06396484375
0 0.287109375 0.464111328125 0.107421875 0.06298828125
0 0.345703125 0.019287109375 0.0712890625 0.03857421875
0 0.13623046875 0.259033203125 0.0693359375 0.09033203125
0 0.20751953125 0.299560546875 0.0947265625 0.07177734375
0 0.20703125 0.248291015625 0.078125 0.05126953125
0 0.221435546875 0.347900390625 0.06787109375 0.05712890625
0 0.28662109375 0.344970703125 0.0693359375 0.07275390625
0 0.033935546875 0.412353515625 0.06787109375 0.10205078125
0 0.271240234375 0.417724609375 0.05810546875 0.04833984375
0 0.350341796875 0.389892578125 0.05029296875 0.06689453125
0 0.335205078125 0.325439453125 0.03955078125 0.04150390625
0 0.528564453125 0.241943359375 0.09619140625 0.09326171875
0 0.5771484375 0.181396484375 0.0849609375 0.11181640625
0 0.438232421875 0.244384765625 0.07373046875 0.06787109375
0 0.651611328125 0.16943359375 0.08056640625 0.1025390625
0 0.616943359375 0.227783203125 0.08447265625 0.07373046875
0 0.822998046875 0.12841796875 0.08544921875 0.0712890625
0 0.7607421875 0.2705078125 0.046875 0.0673828125
0 0.5859375 0.316162109375 0.1650390625 0.12451171875
0 0.63623046875 0.272216796875 0.0732421875 0.05712890625
0 0.58740234375 0.375244140625 0.05078125 0.05908203125
0 0.539306640625 0.387939453125 0.03564453125 0.03955078125
0 0.426513671875 0.3935546875 0.06884765625 0.0634765625
0 0.1484375 0.46484375 0.1064453125 0.0908203125
0 0.158447265625 0.554931640625 0.06884765625 0.07275390625
0 0.031005859375 0.63671875 0.06201171875 0.091796875
0 0.039794921875 0.7392578125 0.07958984375 0.1083984375
0 0.0322265625 0.96875 0.064453125 0.0615234375
0 0.133056640625 0.982666015625 0.07080078125 0.03369140625
0 0.210693359375 0.977783203125 0.07861328125 0.04345703125
0 0.40966796875 0.79541015625 0.0361328125 0.044921875
0 0.5068359375 0.855712890625 0.0703125 0.08447265625
0 0.536865234375 0.92236328125 0.05029296875 0.05859375
0 0.55810546875 0.982421875 0.0556640625 0.0341796875
0 0.596923828125 0.8134765625 0.06298828125 0.0615234375
0 0.90478515625 0.905029296875 0.1005859375 0.08251953125
0 0.83642578125 0.954833984375 0.123046875 0.08935546875
0 0.903564453125 0.8349609375 0.07275390625 0.078125
0 0.71533203125 0.775634765625 0.068359375 0.10302734375
0 0.66162109375 0.787841796875 0.0693359375 0.07958984375
0 0.8564453125 0.613525390625 0.0693359375 0.08154296875
0 0.951416015625 0.470703125 0.05810546875 0.0478515625
0 0.950927734375 0.365234375 0.03759765625 0.0419921875
0 0.781494140625 0.50439453125 0.07470703125 0.0703125
0 0.599365234375 0.50244140625 0.06982421875 0.072265625
0 0.27001953125 0.66357421875 0.0947265625 0.076171875
0 0.459716796875 0.685546875 0.06494140625 0.056640625
0 0.935302734375 0.022705078125 0.10791015625 0.04541015625
