0 0.18408203125 0.07763671875 0.0849609375 0.072265625
0 0.155517578125 0.123779296875 0.08154296875 0.07373046875
0 0.0908203125 0.1591796875 0.0673828125 0.0439453125
0 0.220703125 0.14013671875 0.078125 0.0771484375
0 0.02880859375 0.205078125 0.0576171875 0.083984375
0 0.1796875 0.176513671875 0.0341796875 0.04931640625
0 0.238525390625 0.222900390625 0.11181640625 0.10009765625
0 0.041259765625 0.653076171875 0.06201171875 0.08349609375
0 0.027587890625 0.799072265625 0.05517578125 0.13037109375
0 0.049072265625 0.9169921875 0.08935546875 0.1455078125
0 0.24951171875 0.912353515625 0.1005859375 0.10791015625
0 0.3662109375 0.807861328125 0.12109375 0.07568359375
0 0.205810546875 0.797607421875 0.06103515625 0.06201171875
0 0.135009765625 0.64990234375 0.07958984375 0.0703125
0 0.156005859375 0.618408203125 0.06396484375 0.05615234375
0 0.230712890625 0.640869140625 0.09521484375 0.07568359375
0 0.217529296875 0.60107421875 0.08837890625 0.060546875
0 0.292724609375 0.604248046875 0.06982421875 0.06396484375
0 0.213623046875 0.57470703125 0.23291015625 0.08984375
0 0.371826171875 0.2646484375 0.11376953125 0.111328125
0 0.2978515625 0.150390625 0.0947265625 0.0771484375
0 0.34423828125 0.089599609375 0.1083984375 0.11083984375
0 0.3154296875 0.026611328125 0.0166015625 0.04248046875
0 0.457275390625 0.036376953125 0.06103515625 0.07275390625
0 0.561279296875 0.171142578125 0.09228515625 0.14208984375
0 0.650146484375 0.185791015625 0.10009765625 0.07958984375
0 0.760498046875 0.049560546875 0.09619140625 0.08837890625
0 0.520751953125 0.312744140625 0.06787109375 0.09326171875
0 0.60205078125 0.25146484375 0.0712890625 0.076171875
0 0.550048828125 0.35888671875 0.07568359375 0.076171875
0 0.560546875 0.459716796875 0.064453125 0.04931640625
0 0.63818359375 0.4775390625 0.1455078125 0.08984375
0 0.781494140625 0.2177734375 0.05908203125 0.0576171875
0 0.73046875 0.397216796875 0.0498046875 0.06494140625
0 0.73681640625 0.4453125 0.103515625 0.0859375
0 0.823974609375 0.081298828125 0.08837890625 0.07373046875
0 0.78173828125 0.114990234375 0.0478515625 0.05712890625
0 0.84326171875 0.0458984375 0.12109375 0.091796875
0 0.88427734375 0.029541015625 0.044921875 0.05908203125
0 0.927490234375 0.03076171875 0.05322265625 0.0615234375
0 0.9501953125 0.09375 0.0986328125 0.0908203125
0 0.914794921875 0.1181640625 0.09228515625 0.0908203125
0 0.868408203125 0.5556640625 0.04638671875 0.048828125
0 0.9013671875 0.578125 0.04296875 0.0791015625
0 0.851318359375 0.580322265625 0.04150390625 0.03564453125
0 0.959716796875 0.630126953125 0.07958984375 0.08642578125
0 0.64794921875 0.66064453125 0.09765625 0.0732421875
0 0.6826171875 0.78173828125 0.0361328125 0.0595703125
0 0.794677734375 0.68994140625 0.06396484375 0.0732421875
0 0.816162109375 0.716796875 0.08837890625 0.1142578125
0 0.938720703125 0.77490234375 0.06494140625 0.0810546875
0 0.8623046875 0.810791015625 0.10546875 0.10888671875
0 0.765869140625 0.817138671875 0.11279296875 0.11474609375
0 0.758056640625 0.7109375 0.05615234375 0.0556640625
0 0.714599609375 0.703369140625 0.06591796875 0.06396484375
0 0.964111328125 0.73193359375 0.07080078125 0.115234375
0 0.89111328125 0.864013671875 0.0703125 0.07861328125
0 0.938720703125 0.873046875 0.03466796875 0.0439453125
0 0.978515625 0.83984375 0.0419921875 0.0546875
0 0.93994140625 0.850341796875 0.0830078125 0.09228515625
0 0.895751953125 0.927978515625 0.06396484375 0.04833984375
0 0.761474609375 0.97900390625 0.06103515625 0.041015625
0 0.82470703125 0.97119140625 0.07421875 0.056640625
0 0.46435546875 0.89453125 0.08984375 0.1171875
0 0.420166015625 0.976318359375 0.04833984375 0.04638671875
0 0.570068359375 0.97705078125 0.06103515625 0.044921875
0 0.49462890625 0.7734375 0.072265625 0.0712890625
0 0.442138671875 0.7294921875 0.05908203125 0.060546875
0 0.400634765625 0.699462890625 0.08544921875 0.09912109375
0 0.552978515625 0.75634765625 0.10888671875 0.1025390625
0 0.315185546875 0.69775390625 0.05517578125 0.07421875
0 0.076416015625 0.043212890625 0.12255859375 0.07861328125
0 0.075927734375 0.09130859375 0.07763671875 0.060546875
0 0.14990234375 0.18896484375 0.0673828125 0.0712890625
0 0.087890625 0.2607421875 0.0419921875 0.052734375
0 0.13916015625 0.3046875 0.1083984375 0.1015625
0 0.02294921875 0.5302734375 0.0458984375 0.0625
0 0.118408203125 0.701416015625 0.06982421875 0.08056640625
0 0.06591796875 0.826904296875 0.0966796875 0.12353515625
0 0.114013671875 0.8427734375 0.08837890625 0.1083984375
0 0.08349609375 0.96533203125 0.083984375 0.068359375
0 0.415771484375 0.87255859375 0.06884765625 0.1005859375
0 0.34716796875 0.87841796875 0.109375 0.08984375
0 0.224853515625 0.51220703125 0.05810546875 0.0634765625
0 0.665771484375 0.131103515625 0.08740234375 0.06396484375
0 0.512451171875 0.115478515625 0.04833984375 0.05029296875
0 0.576904296875 0.312744140625 0.06298828125 0.08544921875
0 0.6201171875 0.516357421875 0.0859375 0.07275390625
0 0.657470703125 0.32275390625 0.09912109375 0.0751953125
0 0.810302734375 0.157470703125 0.07080078125 0.08642578125
0 0.915771484375 0.203857421875 0.07275390625 0.10009765625
0 0.870361328125 0.1728515625 0.08740234375 0.0654296875
0 0.815185546875 0.251953125 0.06494140625 0.0693359375
0 0.91796875 0.34619140625 0.064453125 0.0625
0 0.8857421875 0.37744140625 0.0771484375 0.0654296875
0 0.8359375 0.329345703125 0.029296875 0.05419921875
0 0.9638671875 0.366943359375 0.0546875 0.09814453125
0 0.82470703125 0.54443359375 0.0498046875 0.0498046875
0 0.9150390625 0.622314453125 0.0322265625 0.06005859375
0 0.856689453125 0.622314453125 0.10205078125 0.09033203125
0 0.60009765625 0.57275390625 0.0908203125 0.076171875
0 0.541748046875 0.676025390625 0.08251953125 0.07666015625
0 0.778076171875 0.92041015625 0.13134765625 0.1201171875
0 0.6845703125 0.89013671875 0.126953125 0.146484375
0 0.579833984375 0.935546875 0.07080078125 0.080078125
0 0.576904296875 0.723388671875 0.05126953125 0.05908203125
0 0.302490234375 0.6328125 0.06884765625 0.07421875
0 0.92529296875 0.253173828125 0.06640625 0.07177734375
0 0.16162109375 0.980712890625 0.0576171875 0.03759765625
0 0.654052734375 0.561279296875 0.05615234375 0.06396484375
0 0.123291015625 0.20556640625 0.09521484375 0.087890625
0 0.077392578125 0.130126953125 0.05419921875 0.02392578125
0 0.013671875 0.65673828125 0.02734375 0.07421875
0 0.062255859375 0.723388671875 0.08447265625 0.09326171875
0 0.10205078125 0.757080078125 0.044921875 0.08642578125
0 0.115966796875 0.895751953125 0.05615234375 0.07275390625
0 0.16552734375 0.93896484375 0.0673828125 0.046875
0 0.1640625 0.8876953125 0.0615234375 0.076171875
0 0.341552734375 0.944091796875 0.11083984375 0.09130859375
0 0.35205078125 0.911865234375 0.03515625 0.02978515625
0 0.283203125 0.774658203125 0.060546875 0.05322265625
0 0.160400390625 0.79541015625 0.06005859375 0.0703125
0 0.219482421875 0.759521484375 0.09033203125 0.07177734375
0 0.358642578125 0.741943359375 0.08447265625 0.09130859375
0 0.302001953125 0.7333984375 0.03662109375 0.0302734375
0 0.287841796875 0.079833984375 0.07470703125 0.08056640625
0 0.35595703125 0.062255859375 0.046875 0.04736328125
0 0.308837890625 0.19482421875 0.14111328125 0.1103515625
0 0.38134765625 0.20654296875 0.03125 0.046875
0 0.262939453125 0.027587890625 0.03759765625 0.05517578125
0 0.5146484375 0.048828125 0.0673828125 0.08984375
0 0.60791015625 0.2001953125 0.033203125 0.0380859375
0 0.74462890625 0.166259765625 0.0927734375 0.07763671875
0 0.729248046875 0.10400390625 0.05908203125 0.060546875
0 0.599365234375 0.1083984375 0.07568359375 0.087890625
0 0.633056640625 0.034912109375 0.09326171875 0.06982421875
0 0.501708984375 0.165771484375 0.05712890625 0.06005859375
0 0.69775390625 0.029052734375 0.033203125 0.03173828125
0 0.542236328125 0.263671875 0.06201171875 0.0498046875
0 0.66455078125 0.252197265625 0.0703125 0.07763671875
0 0.62939453125 0.30712890625 0.0693359375 0.0576171875
0 0.376220703125 0.402099609375 0.02490234375 0.02587890625
0 0.619140625 0.400146484375 0.2099609375 0.12451171875
0 0.6650390625 0.427490234375 0.0615234375 0.03759765625
0 0.740966796875 0.2705078125 0.08544921875 0.087890625
0 0.8232421875 0.38232421875 0.076171875 0.078125
0 0.974609375 0.027587890625 0.0498046875 0.05517578125
0 0.97216796875 0.18505859375 0.0546875 0.078125
0 0.965087890625 0.26025390625 0.06884765625 0.091796875
0 0.892822265625 0.2236328125 0.03076171875 0.0322265625
0 0.88427734375 0.30419921875 0.0791015625 0.09765625
0 0.832763671875 0.28125 0.04345703125 0.0576171875
0 0.8310546875 0.20361328125 0.05078125 0.0478515625
0 0.816650390625 0.301025390625 0.01904296875 0.02294921875
0 0.933837890625 0.301513671875 0.03662109375 0.04052734375
0 0.880859375 0.439208984375 0.08203125 0.06689453125
0 0.959228515625 0.446044921875 0.07763671875 0.07080078125
0 0.956298828125 0.54345703125 0.08642578125 0.1318359375
0 0.80517578125 0.57275390625 0.0595703125 0.0478515625
0 0.82177734375 0.454345703125 0.07421875 0.06982421875
0 0.71923828125 0.552001953125 0.0791015625 0.09033203125
0 0.951904296875 0.665771484375 0.04541015625 0.02978515625
0 0.89990234375 0.69189453125 0.1064453125 0.1015625
0 0.795166015625 0.6005859375 0.03759765625 0.044921875
0 0.814697265625 0.645751953125 0.07861328125 0.05712890625
0 0.736572265625 0.646728515625 0.08740234375 0.07958984375
0 0.6513671875 0.61376953125 0.052734375 0.0517578125
0 0.604736328125 0.616943359375 0.05810546875 0.05126953125
0 0.530029296875 0.626953125 0.07958984375 0.119140625
0 0.553955078125 0.575439453125 0.04248046875 0.05615234375
0 0.589599609375 0.684326171875 0.04541015625 0.04345703125
0 0.63916015625 0.7578125 0.08984375 0.111328125
0 0.882568359375 0.751708984375 0.05615234375 0.05712890625
0 0.845947265625 0.74853515625 0.05126953125 0.0517578125
0 0.760986328125 0.76513671875 0.05224609375 0.064453125
0 0.73388671875 0.740478515625 0.0546875 0.04248046875
0 0.961669921875 0.97314453125 0.06494140625 0.052734375
0 0.884521484375 0.973876953125 0.05126953125 0.05126953125
0 0.66015625 0.830322265625 0.048828125 0.04931640625
0 0.681396484375 0.980224609375 0.03369140625 0.03857421875
0 0.490234375 0.964111328125 0.0576171875 0.06005859375
0 0.52294921875 0.912353515625 0.0625 0.12841796875
0 0.642822265625 0.957763671875 0.06298828125 0.07861328125
0 0.592529296875 0.893310546875 0.10595703125 0.06689453125
0 0.57177734375 0.843505859375 0.1337890625 0.09716796875
0 0.407958984375 0.640625 0.08251953125 0.0302734375
0 0.40185546875 0.614990234375 0.03515625 0.02685546875
0 0.49560546875 0.568359375 0.060546875 0.0419921875
0 0.082275390625 0.640380859375 0.06103515625 0.07373046875
0 0.07421875 0.590087890625 0.0537109375 0.07080078125
0 0.03857421875 0.578857421875 0.0693359375 0.07373046875
0 0.69580078125 0.61279296875 0.0478515625 0.0546875
0 0.872314453125 0.265380859375 0.03955078125 0.06396484375
0 0.85986328125 0.123779296875 0.0390625 0.06884765625
0 0.16650390625 0.741455078125 0.0849609375 0.09033203125
0 0.21337890625 0.86328125 0.0888671875 0.1064453125
0 0.135009765625 0.976318359375 0.06396484375 0.04638671875
0 0.228271484375 0.97021484375 0.07958984375 0.05859375
0 0.71142578125 0.216064453125 0.0908203125 0.07373046875
0 0.583984375 0.021484375 0.0439453125 0.04296875
0 0.456787109375 0.3076171875 0.09033203125 0.091796875
0 0.750732421875 0.3505859375 0.11181640625 0.11328125
0 0.86083984375 0.226806640625 0.0537109375 0.05419921875
0 0.881591796875 0.497802734375 0.09228515625 0.09228515625
0 0.7744140625 0.507080078125 0.13671875 0.11083984375
0 0.62939453125 0.68798828125 0.0615234375 0.0673828125
0 0.831298828125 0.924560546875 0.07177734375 0.07080078125
0 0.954833984375 0.927001953125 0.07861328125 0.07080078125
0 0.553955078125 0.791748046875 0.05029296875 0.03173828125
0 0.430908203125 0.956787109375 0.07666015625 0.08544921875
0 0.017578125 0.9248046875 0.03515625 0.09765625
0 0.9365234375 0.395751953125 0.0556640625 0.07177734375
0 0.693603515625 0.73876953125 0.03759765625 0.060546875
