0 0.0068359375 0.089599609375 0.013671875 0.05029296875
0 0.187744140625 0.08447265625 0.07958984375 0.08203125
0 0.164794921875 0.130126953125 0.08056640625 0.07373046875
0 0.090087890625 0.162841796875 0.06298828125 0.04931640625
0 0.20947265625 0.141845703125 0.091796875 0.09228515625
0 0.2197265625 0.21875 0.080078125 0.0908203125
0 0.377197265625 0.2626953125 0.10498046875 0.1064453125
0 0.143798828125 0.3056640625 0.10986328125 0.1064453125
0 0.046875 0.655029296875 0.060546875 0.07958984375
0 0.1591796875 0.61474609375 0.052734375 0.044921875
0 0.202392578125 0.59228515625 0.05810546875 0.0966796875
0 0.2197265625 0.654541015625 0.1162109375 0.09423828125
0 0.268310546875 0.57666015625 0.10107421875 0.0908203125
0 0.292236328125 0.6015625 0.07080078125 0.060546875
0 0.213134765625 0.794921875 0.06787109375 0.0849609375
0 0.02783203125 0.809814453125 0.0556640625 0.09423828125
0 0.07763671875 0.82080078125 0.091796875 0.103515625
0 0.12841796875 0.834716796875 0.056640625 0.06298828125
0 0.04931640625 0.9326171875 0.087890625 0.1337890625
0 0.245849609375 0.919677734375 0.09228515625 0.09326171875
0 0.344970703125 0.8828125 0.10986328125 0.0830078125
0 0.46630859375 0.909912109375 0.0859375 0.11083984375
0 0.4404296875 0.9814453125 0.0400390625 0.0361328125
0 0.5732421875 0.97802734375 0.0712890625 0.04296875
0 0.686767578125 0.888427734375 0.13525390625 0.14013671875
0 0.7705078125 0.92626953125 0.064453125 0.087890625
0 0.763916015625 0.979736328125 0.06591796875 0.03955078125
0 0.903076171875 0.9345703125 0.07568359375 0.052734375
0 0.83251953125 0.975341796875 0.078125 0.04833984375
0 0.769287109375 0.8173828125 0.11865234375 0.1337890625
0 0.86474609375 0.823974609375 0.1005859375 0.10595703125
0 0.93994140625 0.782470703125 0.0625 0.07177734375
0 0.97216796875 0.74462890625 0.0546875 0.0927734375
0 0.9443359375 0.85986328125 0.0751953125 0.0830078125
0 0.969482421875 0.834228515625 0.06005859375 0.06689453125
0 0.835205078125 0.72607421875 0.07763671875 0.1279296875
0 0.75537109375 0.704833984375 0.041015625 0.03759765625
0 0.79541015625 0.69873046875 0.0625 0.060546875
0 0.72314453125 0.738037109375 0.0595703125 0.12060546875
0 0.689453125 0.79443359375 0.0478515625 0.05859375
0 0.7021484375 0.72705078125 0.02734375 0.0361328125
0 0.960693359375 0.635986328125 0.07763671875 0.09130859375
0 0.858154296875 0.623779296875 0.10205078125 0.09033203125
0 0.360595703125 0.8076171875 0.10888671875 0.076171875
0 0.446533203125 0.733642578125 0.04736328125 0.04833984375
0 0.55419921875 0.760498046875 0.111328125 0.10205078125
0 0.6611328125 0.66015625 0.0712890625 0.0625
0 0.560546875 0.681640625 0.06640625 0.0751953125
0 0.560546875 0.647705078125 0.0869140625 0.11865234375
0 0.600341796875 0.574951171875 0.07275390625 0.05419921875
0 0.90380859375 0.56982421875 0.044921875 0.0703125
0 0.86669921875 0.554931640625 0.0537109375 0.05419921875
0 0.525146484375 0.3125 0.06396484375 0.0927734375
0 0.579833984375 0.31005859375 0.05615234375 0.0869140625
0 0.5654296875 0.468505859375 0.0732421875 0.06689453125
0 0.652099609375 0.482666015625 0.11181640625 0.08544921875
0 0.549072265625 0.36083984375 0.06884765625 0.0830078125
0 0.734619140625 0.397705078125 0.04638671875 0.05615234375
0 0.74853515625 0.446533203125 0.087890625 0.08935546875
0 0.9248046875 0.345458984375 0.05078125 0.06591796875
0 0.74072265625 0.282470703125 0.0869140625 0.09130859375
0 0.816650390625 0.288330078125 0.06689453125 0.12646484375
0 0.77783203125 0.22412109375 0.0703125 0.064453125
0 0.8173828125 0.16259765625 0.0537109375 0.080078125
0 0.912109375 0.132568359375 0.0947265625 0.10986328125
0 0.95654296875 0.103515625 0.0859375 0.1064453125
0 0.855224609375 0.0498046875 0.12060546875 0.099609375
0 0.83203125 0.08984375 0.083984375 0.099609375
0 0.656982421875 0.178955078125 0.08740234375 0.07666015625
0 0.6015625 0.256591796875 0.072265625 0.07568359375
0 0.568115234375 0.185302734375 0.07958984375 0.12255859375
0 0.530517578125 0.0234375 0.07861328125 0.046875
0 0.362548828125 0.10009765625 0.07958984375 0.0498046875
0 0.083251953125 0.0517578125 0.12548828125 0.0791015625
0 0.07861328125 0.092041015625 0.08203125 0.07080078125
0 0.030517578125 0.208251953125 0.06103515625 0.08642578125
0 0.0234375 0.53955078125 0.046875 0.072265625
0 0.23046875 0.515869140625 0.0712890625 0.06298828125
0 0.146240234375 0.662353515625 0.08056640625 0.08154296875
0 0.303955078125 0.636962890625 0.07177734375 0.06982421875
0 0.132568359375 0.705322265625 0.05322265625 0.07080078125
0 0.146240234375 0.977783203125 0.04931640625 0.04345703125
0 0.414794921875 0.880615234375 0.06298828125 0.09228515625
0 0.421630859375 0.936767578125 0.06689453125 0.06005859375
0 0.595458984375 0.93603515625 0.10595703125 0.076171875
0 0.901611328125 0.886962890625 0.06787109375 0.08837890625
0 0.5859375 0.719970703125 0.064453125 0.04638671875
0 0.623291015625 0.519775390625 0.08251953125 0.07666015625
0 0.915283203125 0.620361328125 0.04638671875 0.06298828125
0 0.968017578125 0.371337890625 0.05517578125 0.09912109375
0 0.8935546875 0.38134765625 0.07421875 0.0654296875
0 0.875732421875 0.219482421875 0.07568359375 0.07373046875
0 0.6728515625 0.135009765625 0.0830078125 0.06201171875
0 0.716064453125 0.22021484375 0.09033203125 0.076171875
0 0.517578125 0.11572265625 0.0517578125 0.0439453125
0 0.301025390625 0.15234375 0.08251953125 0.078125
0 0.05712890625 0.0263671875 0.0830078125 0.044921875
0 0.081298828125 0.13330078125 0.04248046875 0.025390625
0 0.275146484375 0.04052734375 0.05224609375 0.0810546875
0 0.225830078125 0.02978515625 0.07470703125 0.0595703125
0 0.12744140625 0.2060546875 0.0859375 0.083984375
0 0.322265625 0.199951171875 0.1015625 0.09326171875
0 0.376220703125 0.21142578125 0.04931640625 0.0615234375
0 0.034912109375 0.58251953125 0.06982421875 0.08203125
0 0.073486328125 0.597412109375 0.04736328125 0.05419921875
0 0.101318359375 0.48828125 0.03564453125 0.0322265625
0 0.139892578125 0.486572265625 0.02001953125 0.02783203125
0 0.12158203125 0.577392578125 0.06640625 0.09716796875
0 0.084228515625 0.644775390625 0.06005859375 0.06103515625
0 0.013671875 0.662841796875 0.02734375 0.07177734375
0 0.104248046875 0.75 0.04541015625 0.0830078125
0 0.068115234375 0.72216796875 0.08642578125 0.09765625
0 0.166015625 0.80126953125 0.056640625 0.06640625
0 0.227294921875 0.754150390625 0.07958984375 0.08154296875
0 0.31884765625 0.712158203125 0.0263671875 0.02978515625
0 0.301513671875 0.731689453125 0.04248046875 0.02685546875
0 0.28857421875 0.77783203125 0.0595703125 0.0634765625
0 0.1708984375 0.88671875 0.0556640625 0.0771484375
0 0.017578125 0.914794921875 0.03515625 0.08642578125
0 0.123779296875 0.897705078125 0.05224609375 0.08056640625
0 0.170166015625 0.94140625 0.07177734375 0.0458984375
0 0.10595703125 0.914794921875 0.0478515625 0.14599609375
0 0.345458984375 0.9423828125 0.11279296875 0.091796875
0 0.361083984375 0.91357421875 0.03662109375 0.0361328125
0 0.493408203125 0.966064453125 0.07275390625 0.06103515625
0 0.517578125 0.929443359375 0.0634765625 0.07763671875
0 0.615234375 0.989013671875 0.0546875 0.02099609375
0 0.598876953125 0.9072265625 0.11376953125 0.076171875
0 0.64013671875 0.973388671875 0.0634765625 0.05224609375
0 0.68701171875 0.98291015625 0.03515625 0.033203125
0 0.578369140625 0.8447265625 0.12158203125 0.08984375
0 0.6611328125 0.82666015625 0.05078125 0.046875
0 0.832763671875 0.93701171875 0.06689453125 0.0625
0 0.94921875 0.970703125 0.0341796875 0.0419921875
0 0.9697265625 0.98388671875 0.0478515625 0.03125
0 0.870849609375 0.904296875 0.04052734375 0.03125
0 0.8466796875 0.88525390625 0.064453125 0.0439453125
0 0.934326171875 0.890625 0.03369140625 0.0595703125
0 0.96142578125 0.93310546875 0.05859375 0.0498046875
0 0.85302734375 0.751708984375 0.05078125 0.05029296875
0 0.88232421875 0.748779296875 0.064453125 0.07080078125
0 0.770751953125 0.77294921875 0.04052734375 0.044921875
0 0.766845703125 0.729736328125 0.04052734375 0.04541015625
0 0.645751953125 0.76904296875 0.08740234375 0.1162109375
0 0.892578125 0.708251953125 0.0830078125 0.09130859375
0 0.952880859375 0.67919921875 0.06689453125 0.0546875
0 0.819091796875 0.650390625 0.08251953125 0.0498046875
0 0.7392578125 0.6484375 0.0869140625 0.080078125
0 0.8154296875 0.5771484375 0.08203125 0.0595703125
0 0.79248046875 0.597412109375 0.037109375 0.03076171875
0 0.737060546875 0.59033203125 0.07568359375 0.0517578125
0 0.362548828125 0.746337890625 0.08056640625 0.08935546875
0 0.500244140625 0.77880859375 0.06884765625 0.0693359375
0 0.413330078125 0.717529296875 0.09619140625 0.07275390625
0 0.55517578125 0.79443359375 0.0615234375 0.0419921875
0 0.680419921875 0.72119140625 0.02490234375 0.0263671875
0 0.43994140625 0.673828125 0.0390625 0.044921875
0 0.419189453125 0.642822265625 0.07080078125 0.02685546875
0 0.595703125 0.6826171875 0.0458984375 0.037109375
0 0.6572265625 0.60986328125 0.046875 0.05078125
0 0.609619140625 0.6181640625 0.05322265625 0.0498046875
0 0.59521484375 0.65625 0.0224609375 0.0205078125
0 0.520263671875 0.58740234375 0.04443359375 0.0576171875
0 0.5517578125 0.574951171875 0.044921875 0.03955078125
0 0.72509765625 0.553466796875 0.0810546875 0.07373046875
0 0.694580078125 0.623046875 0.03955078125 0.0498046875
0 0.661865234375 0.5595703125 0.06103515625 0.0791015625
0 0.688232421875 0.552001953125 0.01904296875 0.02587890625
0 0.407470703125 0.617431640625 0.03759765625 0.02685546875
0 0.382080078125 0.400390625 0.03173828125 0.033203125
0 0.619384765625 0.436767578125 0.04248046875 0.04248046875
0 0.655029296875 0.39404296875 0.15185546875 0.0791015625
0 0.66845703125 0.428955078125 0.0849609375 0.04052734375
0 0.56689453125 0.427001953125 0.087890625 0.07568359375
0 0.630859375 0.311279296875 0.060546875 0.05322265625
0 0.68310546875 0.32666015625 0.080078125 0.080078125
0 0.61669921875 0.349853515625 0.0556640625 0.02685546875
0 0.826904296875 0.38623046875 0.07666015625 0.0771484375
0 0.816650390625 0.448486328125 0.06005859375 0.05322265625
0 0.881103515625 0.433837890625 0.08447265625 0.09130859375
0 0.959228515625 0.545166015625 0.08056640625 0.12158203125
0 0.962646484375 0.450439453125 0.06689453125 0.07080078125
0 0.887939453125 0.3125 0.07861328125 0.0966796875
0 0.83837890625 0.32666015625 0.033203125 0.046875
0 0.843017578125 0.2783203125 0.06103515625 0.064453125
0 0.957763671875 0.2744140625 0.06201171875 0.095703125
0 0.98681640625 0.249755859375 0.025390625 0.03564453125
0 0.976318359375 0.187744140625 0.04638671875 0.07958984375
0 0.91845703125 0.214111328125 0.076171875 0.09130859375
0 0.835205078125 0.197998046875 0.04931640625 0.07861328125
0 0.879638671875 0.160888671875 0.06982421875 0.08447265625
0 0.977294921875 0.02734375 0.04443359375 0.0546875
0 0.745849609375 0.173828125 0.09326171875 0.0927734375
0 0.739501953125 0.11376953125 0.04150390625 0.0361328125
0 0.786376953125 0.120849609375 0.05419921875 0.05517578125
0 0.67138671875 0.2568359375 0.068359375 0.078125
0 0.61572265625 0.20458984375 0.037109375 0.037109375
0 0.76806640625 0.05419921875 0.0966796875 0.091796875
0 0.63818359375 0.0390625 0.095703125 0.078125
0 0.702880859375 0.031982421875 0.03173828125 0.03564453125
0 0.51806640625 0.056396484375 0.0654296875 0.07177734375
0 0.60302734375 0.118896484375 0.052734375 0.04736328125
0 0.503662109375 0.167236328125 0.05419921875 0.06591796875
0 0.460693359375 0.036376953125 0.06005859375 0.07275390625
0 0.35107421875 0.059814453125 0.0322265625 0.05224609375
0 0.436279296875 0.20947265625 0.07568359375 0.0859375
0 0.05712890625 0.275634765625 0.0791015625 0.10009765625
0 0.302001953125 0.09521484375 0.03173828125 0.0341796875
0 0.152587890625 0.18896484375 0.06494140625 0.0859375
0 0.099853515625 0.263671875 0.04638671875 0.0498046875
0 0.164794921875 0.7490234375 0.06982421875 0.087890625
0 0.22216796875 0.917236328125 0.0908203125 0.16455078125
0 0.296630859375 0.977294921875 0.07861328125 0.04443359375
0 0.689208984375 0.7509765625 0.02880859375 0.037109375
0 0.637939453125 0.692626953125 0.06298828125 0.06689453125
0 0.88671875 0.508056640625 0.0830078125 0.08251953125
0 0.467529296875 0.308837890625 0.08154296875 0.08642578125
0 0.76171875 0.360107421875 0.0859375 0.09814453125
0 0.776611328125 0.499755859375 0.12939453125 0.07666015625
0 0.941162109375 0.405517578125 0.04736328125 0.05029296875
