0 0.25537109375 0.05908203125 0.0712890625 0.068359375
0 0.1171875 0.16357421875 0.1015625 0.0947265625
0 0.02587890625 0.146240234375 0.0517578125 0.09228515625
0 0.059326171875 0.0458984375 0.07275390625 0.083984375
0 0.06396484375 0.20263671875 0.0537109375 0.06640625
0 0.347900390625 0.253662109375 0.09326171875 0.10595703125
0 0.29638671875 0.180419921875 0.1318359375 0.04931640625
0 0.556396484375 0.1376953125 0.06298828125 0.0732421875
0 0.593994140625 0.162109375 0.07177734375 0.0634765625
0 0.44677734375 0.330810546875 0.07421875 0.07666015625
0 0.753662109375 0.013671875 0.04345703125 0.02734375
0 0.810546875 0.0419921875 0.080078125 0.083984375
0 0.89892578125 0.085205078125 0.0947265625 0.08349609375
0 0.863037109375 0.133056640625 0.10595703125 0.07568359375
0 0.896728515625 0.177978515625 0.06982421875 0.03857421875
0 0.841796875 0.25732421875 0.0654296875 0.0615234375
0 0.635009765625 0.26318359375 0.03662109375 0.0693359375
0 0.58935546875 0.31689453125 0.0595703125 0.052734375
0 0.66064453125 0.285400390625 0.05859375 0.03662109375
0 0.69921875 0.251220703125 0.095703125 0.06982421875
0 0.74658203125 0.608642578125 0.052734375 0.08056640625
0 0.958740234375 0.6357421875 0.07666015625 0.1025390625
0 0.9248046875 0.704345703125 0.068359375 0.08154296875
0 0.97412109375 0.728759765625 0.05078125 0.08349609375
0 0.60107421875 0.76708984375 0.07421875 0.0458984375
0 0.66796875 0.7421875 0.0546875 0.0478515625
0 0.671630859375 0.851806640625 0.08349609375 0.05224609375
0 0.57373046875 0.92626953125 0.0771484375 0.0634765625
0 0.812255859375 0.86328125 0.05908203125 0.05859375
0 0.931396484375 0.841552734375 0.09423828125 0.07861328125
0 0.63330078125 0.91357421875 0.0517578125 0.044921875
0 0.83984375 0.74951171875 0.1064453125 0.1220703125
0 0.78662109375 0.725830078125 0.0869140625 0.09619140625
0 0.81103515625 0.654052734375 0.1044921875 0.07568359375
0 0.69140625 0.58154296875 0.0556640625 0.0546875
0 0.548583984375 0.631103515625 0.05810546875 0.07763671875
0 0.384521484375 0.47607421875 0.10107421875 0.0478515625
0 0.3974609375 0.562744140625 0.0537109375 0.05712890625
0 0.36181640625 0.439697265625 0.083984375 0.06591796875
0 0.306884765625 0.48779296875 0.06201171875 0.107421875
0 0.627685546875 0.419189453125 0.07666015625 0.07470703125
0 0.589599609375 0.443115234375 0.03955078125 0.05029296875
0 0.621337890625 0.49169921875 0.09130859375 0.0751953125
0 0.073486328125 0.34326171875 0.04833984375 0.033203125
0 0.1005859375 0.470458984375 0.0869140625 0.07861328125
0 0.0703125 0.412353515625 0.0810546875 0.04248046875
0 0.076416015625 0.603271484375 0.04833984375 0.04736328125
0 0.03173828125 0.5595703125 0.0634765625 0.068359375
0 0.152099609375 0.80029296875 0.05517578125 0.0673828125
0 0.061279296875 0.843017578125 0.06982421875 0.06298828125
0 0.200439453125 0.8056640625 0.06396484375 0.06640625
0 0.260498046875 0.880615234375 0.04931640625 0.08251953125
0 0.177490234375 0.885986328125 0.05322265625 0.09130859375
0 0.154052734375 0.962646484375 0.05224609375 0.07373046875
0 0.09619140625 0.962646484375 0.060546875 0.07373046875
0 0.397216796875 0.9453125 0.10009765625 0.1083984375
0 0.440673828125 0.813720703125 0.07763671875 0.07958984375
0 0.881591796875 0.988525390625 0.05224609375 0.02197265625
0 0.951171875 0.46240234375 0.0390625 0.05078125
0 0.817626953125 0.431640625 0.03857421875 0.0322265625
0 0.85986328125 0.4560546875 0.0419921875 0.0302734375
0 0.880615234375 0.552978515625 0.03857421875 0.03857421875
0 0.98046875 0.5634765625 0.0380859375 0.0576171875
0 0.660888671875 0.61572265625 0.03173828125 0.0439453125
0 0.835205078125 0.568603515625 0.06005859375 0.06396484375
0 0.073486328125 0.098388671875 0.06591796875 0.05517578125
0 0.026611328125 0.214111328125 0.05322265625 0.07958984375
0 0.648193359375 0.349609375 0.09033203125 0.0947265625
0 0.647705078125 0.03271484375 0.11279296875 0.0654296875
0 0.712890625 0.093994140625 0.1396484375 0.08251953125
0 0.767333984375 0.055419921875 0.05126953125 0.06103515625
0 0.96728515625 0.02294921875 0.064453125 0.0458984375
0 0.942138671875 0.277587890625 0.07958984375 0.08154296875
0 0.7705078125 0.231201171875 0.080078125 0.08251953125
0 0.781005859375 0.296630859375 0.03759765625 0.06494140625
0 0.748046875 0.35498046875 0.0537109375 0.0625
0 0.828125 0.319580078125 0.0751953125 0.07568359375
0 0.92236328125 0.471923828125 0.044921875 0.06005859375
0 0.916748046875 0.556884765625 0.03369140625 0.04736328125
0 0.90234375 0.604736328125 0.0810546875 0.05810546875
0 0.87890625 0.667724609375 0.0419921875 0.04931640625
0 0.85986328125 0.913818359375 0.0849609375 0.09423828125
0 0.93603515625 0.964111328125 0.078125 0.04638671875
0 0.73193359375 0.671630859375 0.0654296875 0.04931640625
0 0.44287109375 0.575439453125 0.046875 0.05810546875
0 0.626708984375 0.591064453125 0.08251953125 0.07958984375
0 0.60302734375 0.65771484375 0.0859375 0.0732421875
0 0.36669921875 0.529052734375 0.0703125 0.06884765625
0 0.400146484375 0.41748046875 0.04931640625 0.0732421875
0 0.521484375 0.49169921875 0.064453125 0.06640625
0 0.7294921875 0.4912109375 0.078125 0.0966796875
0 0.554443359375 0.444091796875 0.07080078125 0.10986328125
0 0.049560546875 0.37451171875 0.07666015625 0.0400390625
0 0.14208984375 0.60302734375 0.095703125 0.09375
0 0.180908203125 0.570556640625 0.08349609375 0.09228515625
0 0.159912109375 0.682373046875 0.04931640625 0.07666015625
0 0.067138671875 0.694091796875 0.07275390625 0.06787109375
0 0.245849609375 0.5947265625 0.06298828125 0.1015625
0 0.033203125 0.726318359375 0.06640625 0.07568359375
0 0.308837890625 0.890869140625 0.06494140625 0.07861328125
0 0.307373046875 0.764404296875 0.05517578125 0.10400390625
0 0.1572265625 0.86376953125 0.0615234375 0.0751953125
0 0.2138671875 0.880615234375 0.0576171875 0.09326171875
0 0.02587890625 0.987060546875 0.0517578125 0.02490234375
0 0.42919921875 0.886962890625 0.0810546875 0.09521484375
0 0.629150390625 0.96630859375 0.07568359375 0.06640625
0 0.961669921875 0.505126953125 0.03564453125 0.04541015625
0 0.904052734375 0.515869140625 0.09326171875 0.05224609375
0 0.669677734375 0.142333984375 0.07861328125 0.09619140625
0 0.604736328125 0.119140625 0.05419921875 0.0556640625
0 0.519775390625 0.1640625 0.04833984375 0.04296875
0 0.296630859375 0.1259765625 0.04931640625 0.0966796875
0 0.044677734375 0.26513671875 0.08935546875 0.0693359375
0 0.142333984375 0.24853515625 0.09423828125 0.0888671875
0 0.02490234375 0.328369140625 0.0498046875 0.06591796875
0 0.0673828125 0.306884765625 0.076171875 0.06005859375
0 0.57373046875 0.21630859375 0.0712890625 0.052734375
0 0.580322265625 0.26416015625 0.07763671875 0.056640625
0 0.376953125 0.3720703125 0.05859375 0.0615234375
0 0.49560546875 0.336181640625 0.0556640625 0.05615234375
0 0.5546875 0.36083984375 0.0869140625 0.072265625
0 0.490966796875 0.27685546875 0.04736328125 0.04296875
0 0.524658203125 0.299560546875 0.05810546875 0.04248046875
0 0.84033203125 0.020751953125 0.0869140625 0.04150390625
0 0.897216796875 0.221435546875 0.08251953125 0.06494140625
0 0.87451171875 0.308837890625 0.07421875 0.08642578125
0 0.944091796875 0.3525390625 0.08642578125 0.0830078125
0 0.863037109375 0.39404296875 0.09423828125 0.109375
0 0.981201171875 0.456787109375 0.03662109375 0.05810546875
0 0.842041015625 0.50830078125 0.05908203125 0.0517578125
0 0.796875 0.628173828125 0.0517578125 0.09326171875
0 0.96337890625 0.882080078125 0.072265625 0.11083984375
0 0.763916015625 0.81298828125 0.11181640625 0.103515625
0 0.688720703125 0.757568359375 0.16162109375 0.15673828125
0 0.55224609375 0.984375 0.0908203125 0.0302734375
0 0.7353515625 0.93701171875 0.0537109375 0.07421875
0 0.873291015625 0.92822265625 0.05712890625 0.0537109375
0 0.95263671875 0.990478515625 0.0712890625 0.01806640625
0 0.591552734375 0.557373046875 0.07373046875 0.07275390625
0 0.4951171875 0.6416015625 0.0751953125 0.080078125
0 0.464111328125 0.65625 0.06005859375 0.048828125
0 0.512451171875 0.578857421875 0.09228515625 0.05517578125
0 0.48388671875 0.542724609375 0.1005859375 0.07080078125
0 0.4189453125 0.498291015625 0.0537109375 0.06982421875
0 0.364501953125 0.600830078125 0.06494140625 0.07763671875
0 0.4189453125 0.610107421875 0.0517578125 0.04931640625
0 0.508544921875 0.430419921875 0.06005859375 0.06494140625
0 0.67578125 0.47265625 0.0615234375 0.0654296875
0 0.102783203125 0.27685546875 0.04638671875 0.0927734375
0 0.044677734375 0.47412109375 0.06591796875 0.07421875
0 0.0498046875 0.634521484375 0.099609375 0.08642578125
0 0.216064453125 0.667236328125 0.06787109375 0.11083984375
0 0.70166015625 0.984375 0.1328125 0.0302734375
0 0.885986328125 0.4912109375 0.05419921875 0.0478515625
0 0.412353515625 0.759033203125 0.04833984375 0.04345703125
0 0.33935546875 0.8388671875 0.1083984375 0.0498046875
0 0.104248046875 0.82080078125 0.04345703125 0.0400390625
0 0.68994140625 0.907470703125 0.0576171875 0.04541015625
0 0.811279296875 0.975830078125 0.06396484375 0.04736328125
0 0.687255859375 0.421875 0.05126953125 0.05859375
0 0.9697265625 0.249755859375 0.0595703125 0.04736328125
0 0.718505859375 0.320068359375 0.08251953125 0.07275390625
0 0.627685546875 0.202392578125 0.05908203125 0.06982421875
0 0.531494140625 0.2197265625 0.05224609375 0.08203125
0 0.24853515625 0.125 0.0771484375 0.064453125
0 0.388671875 0.02099609375 0.0751953125 0.0419921875
0 0.73046875 0.71240234375 0.0478515625 0.0439453125
0 0.16259765625 0.447265625 0.087890625 0.060546875
0 0.10693359375 0.897216796875 0.09765625 0.06689453125
0 0.8193359375 0.45361328125 0.0390625 0.03515625
