0 0.056884765625 0.06298828125 0.04150390625 0.05078125
0 0.286376953125 0.12060546875 0.08642578125 0.0810546875
0 0.24267578125 0.161376953125 0.0634765625 0.05322265625
0 0.2802734375 0.185302734375 0.0732421875 0.07373046875
0 0.041748046875 0.277099609375 0.04638671875 0.06005859375
0 0.33935546875 0.016357421875 0.0517578125 0.03271484375
0 0.61865234375 0.0927734375 0.064453125 0.0419921875
0 0.544921875 0.12841796875 0.0380859375 0.04296875
0 0.570556640625 0.08837890625 0.04443359375 0.0556640625
0 0.42333984375 0.333984375 0.0234375 0.044921875
0 0.42431640625 0.389892578125 0.02734375 0.04345703125
0 0.405517578125 0.370361328125 0.03955078125 0.02978515625
0 0.248779296875 0.4482421875 0.04736328125 0.044921875
0 0.061767578125 0.48876953125 0.05126953125 0.060546875
0 0.035400390625 0.517333984375 0.05126953125 0.05712890625
0 0.26708984375 0.4970703125 0.0517578125 0.0634765625
0 0.24560546875 0.633056640625 0.0537109375 0.05908203125
0 0.29296875 0.6337890625 0.0830078125 0.0732421875
0 0.178466796875 0.82373046875 0.07177734375 0.0419921875
0 0.05712890625 0.827392578125 0.0732421875 0.04931640625
0 0.220458984375 0.9130859375 0.06005859375 0.0517578125
0 0.26904296875 0.897216796875 0.0546875 0.05029296875
0 0.366943359375 0.793701171875 0.05615234375 0.04638671875
0 0.2265625 0.954345703125 0.0576171875 0.05517578125
0 0.427001953125 0.926025390625 0.08837890625 0.04443359375
0 0.537841796875 0.822998046875 0.08349609375 0.10400390625
0 0.498291015625 0.81103515625 0.06103515625 0.0927734375
0 0.470947265625 0.807373046875 0.07568359375 0.09912109375
0 0.65576171875 0.943115234375 0.0693359375 0.06884765625
0 0.612548828125 0.82177734375 0.06689453125 0.0595703125
0 0.815673828125 0.957763671875 0.04541015625 0.04833984375
0 0.932861328125 0.9072265625 0.03369140625 0.046875
0 0.9501953125 0.884033203125 0.0341796875 0.02783203125
0 0.82470703125 0.720458984375 0.0849609375 0.08251953125
0 0.57861328125 0.724853515625 0.0712890625 0.08251953125
0 0.692626953125 0.717529296875 0.07080078125 0.06982421875
0 0.794677734375 0.831787109375 0.06591796875 0.07958984375
0 0.909912109375 0.715087890625 0.06396484375 0.05126953125
0 0.975830078125 0.656494140625 0.03759765625 0.03369140625
0 0.9375 0.66552734375 0.0517578125 0.0927734375
0 0.9169921875 0.624267578125 0.052734375 0.06298828125
0 0.946044921875 0.596923828125 0.03662109375 0.03564453125
0 0.86962890625 0.654052734375 0.0576171875 0.08740234375
0 0.740966796875 0.6884765625 0.06005859375 0.0625
0 0.78564453125 0.700927734375 0.0556640625 0.05419921875
0 0.332275390625 0.598388671875 0.04248046875 0.06884765625
0 0.521728515625 0.67138671875 0.03857421875 0.046875
0 0.554443359375 0.6337890625 0.07080078125 0.064453125
0 0.487060546875 0.66064453125 0.07470703125 0.0537109375
0 0.496826171875 0.595458984375 0.03662109375 0.03662109375
0 0.541259765625 0.5869140625 0.06298828125 0.044921875
0 0.685546875 0.4990234375 0.05078125 0.0673828125
0 0.65087890625 0.591552734375 0.03125 0.03271484375
0 0.662109375 0.603271484375 0.03125 0.03466796875
0 0.69140625 0.5908203125 0.0498046875 0.0595703125
0 0.70263671875 0.55712890625 0.04296875 0.0537109375
0 0.77392578125 0.590087890625 0.080078125 0.06787109375
0 0.88134765625 0.360595703125 0.06640625 0.05908203125
0 0.8447265625 0.43798828125 0.0634765625 0.056640625
0 0.550537109375 0.4140625 0.04833984375 0.048828125
0 0.52978515625 0.215087890625 0.0595703125 0.05322265625
0 0.708984375 0.21875 0.06640625 0.072265625
0 0.770263671875 0.056396484375 0.05615234375 0.06201171875
0 0.868408203125 0.02001953125 0.05908203125 0.0400390625
0 0.81591796875 0.08642578125 0.05859375 0.060546875
0 0.01708984375 0.12744140625 0.0341796875 0.0732421875
0 0.042236328125 0.195068359375 0.03466796875 0.03564453125
0 0.12060546875 0.10693359375 0.0849609375 0.0927734375
0 0.227783203125 0.209228515625 0.08642578125 0.10302734375
0 0.166748046875 0.035400390625 0.08544921875 0.07080078125
0 0.257568359375 0.023681640625 0.05224609375 0.04736328125
0 0.654541015625 0.034423828125 0.05322265625 0.06884765625
0 0.53125 0.09228515625 0.044921875 0.0576171875
0 0.472900390625 0.14453125 0.03173828125 0.03515625
0 0.47216796875 0.125244140625 0.0400390625 0.03369140625
0 0.341064453125 0.201904296875 0.06298828125 0.04638671875
0 0.361572265625 0.25390625 0.05712890625 0.0654296875
0 0.392822265625 0.29345703125 0.05517578125 0.0830078125
0 0.08349609375 0.34326171875 0.0546875 0.07421875
0 0.028564453125 0.442626953125 0.05712890625 0.05517578125
0 0.206298828125 0.37646484375 0.07470703125 0.0771484375
0 0.206298828125 0.53125 0.08251953125 0.0576171875
0 0.30126953125 0.463623046875 0.072265625 0.08642578125
0 0.106689453125 0.650390625 0.06982421875 0.0732421875
0 0.257080078125 0.6669921875 0.05029296875 0.0576171875
0 0.01318359375 0.89404296875 0.0263671875 0.06640625
0 0.332275390625 0.81298828125 0.04736328125 0.037109375
0 0.341552734375 0.85595703125 0.04248046875 0.0576171875
0 0.1318359375 0.922607421875 0.05859375 0.07373046875
0 0.376220703125 0.860595703125 0.06884765625 0.09033203125
0 0.4365234375 0.966552734375 0.078125 0.06591796875
0 0.4638671875 0.9814453125 0.037109375 0.0361328125
0 0.720458984375 0.832763671875 0.05029296875 0.09912109375
0 0.625244140625 0.871826171875 0.06591796875 0.07861328125
0 0.842529296875 0.943115234375 0.03076171875 0.03076171875
0 0.87158203125 0.95947265625 0.072265625 0.080078125
0 0.95703125 0.9111328125 0.0244140625 0.02734375
0 0.97900390625 0.897216796875 0.041015625 0.05810546875
0 0.60693359375 0.747314453125 0.06640625 0.05029296875
0 0.726318359375 0.641357421875 0.04833984375 0.06201171875
0 0.489990234375 0.70703125 0.05419921875 0.072265625
0 0.443359375 0.72216796875 0.0576171875 0.0751953125
0 0.450927734375 0.51171875 0.09033203125 0.07421875
0 0.471435546875 0.46337890625 0.04443359375 0.03515625
0 0.662353515625 0.462646484375 0.06201171875 0.05908203125
0 0.72607421875 0.40771484375 0.0380859375 0.0283203125
0 0.603759765625 0.49755859375 0.04541015625 0.0478515625
0 0.62939453125 0.5478515625 0.0712890625 0.056640625
0 0.8935546875 0.57666015625 0.099609375 0.0908203125
0 0.908203125 0.450439453125 0.0732421875 0.07763671875
0 0.942138671875 0.49072265625 0.07568359375 0.095703125
0 0.563232421875 0.317626953125 0.06591796875 0.07861328125
0 0.49267578125 0.257568359375 0.0458984375 0.04248046875
0 0.518798828125 0.173095703125 0.03662109375 0.04052734375
0 0.6103515625 0.171630859375 0.1162109375 0.08056640625
0 0.7099609375 0.165283203125 0.080078125 0.06494140625
0 0.743408203125 0.340087890625 0.08642578125 0.10302734375
0 0.787353515625 0.37060546875 0.05712890625 0.0625
0 0.971923828125 0.0751953125 0.05517578125 0.06640625
0 0.733642578125 0.070556640625 0.07275390625 0.04736328125
0 0.4990234375 0.168701171875 0.03125 0.03173828125
0 0.65087890625 0.985595703125 0.0439453125 0.02783203125
0 0.615966796875 0.979248046875 0.03955078125 0.03564453125
0 0.01171875 0.034912109375 0.0234375 0.06982421875
0 0.04052734375 0.01220703125 0.04296875 0.0244140625
0 0.03369140625 0.041015625 0.03515625 0.0537109375
0 0.06884765625 0.015869140625 0.0263671875 0.03173828125
0 0.122802734375 0.028564453125 0.04248046875 0.04736328125
0 0.01953125 0.209228515625 0.0390625 0.09716796875
0 0.090087890625 0.175048828125 0.05126953125 0.06005859375
0 0.120849609375 0.127685546875 0.04638671875 0.04248046875
0 0.155029296875 0.097900390625 0.02490234375 0.02783203125
0 0.078857421875 0.21923828125 0.03271484375 0.041015625
0 0.042724609375 0.16796875 0.05517578125 0.048828125
0 0.20263671875 0.246337890625 0.0546875 0.05224609375
0 0.1328125 0.2685546875 0.0439453125 0.0302734375
0 0.348388671875 0.159912109375 0.07177734375 0.08154296875
0 0.381103515625 0.023193359375 0.05126953125 0.04638671875
0 0.35498046875 0.06689453125 0.0625 0.05859375
0 0.455322265625 0.09423828125 0.04931640625 0.03125
0 0.49072265625 0.0859375 0.0439453125 0.0703125
0 0.46337890625 0.013427734375 0.0341796875 0.02685546875
0 0.60693359375 0.038330078125 0.076171875 0.07666015625
0 0.55712890625 0.0322265625 0.0390625 0.0517578125
0 0.52978515625 0.026123046875 0.029296875 0.02490234375
0 0.431884765625 0.168212890625 0.04736328125 0.04345703125
0 0.392578125 0.200927734375 0.044921875 0.04443359375
0 0.3876953125 0.15869140625 0.0341796875 0.044921875
0 0.471923828125 0.194091796875 0.06298828125 0.06396484375
0 0.510986328125 0.137939453125 0.05126953125 0.03759765625
0 0.362548828125 0.107177734375 0.02392578125 0.02880859375
0 0.1708984375 0.310791015625 0.09375 0.08837890625
0 0.47607421875 0.353271484375 0.03125 0.02880859375
0 0.459228515625 0.336669921875 0.05517578125 0.07177734375
0 0.510009765625 0.309814453125 0.04541015625 0.06103515625
0 0.478759765625 0.282958984375 0.05126953125 0.05810546875
0 0.4296875 0.277099609375 0.0322265625 0.03076171875
0 0.40380859375 0.326171875 0.01953125 0.0234375
0 0.4013671875 0.342041015625 0.029296875 0.02587890625
0 0.22802734375 0.29296875 0.021484375 0.0224609375
0 0.238525390625 0.308837890625 0.02587890625 0.02978515625
0 0.273193359375 0.32421875 0.05810546875 0.056640625
0 0.301513671875 0.365234375 0.04541015625 0.07421875
0 0.337158203125 0.357666015625 0.04638671875 0.06689453125
0 0.36962890625 0.365966796875 0.060546875 0.07177734375
0 0.337158203125 0.308349609375 0.06884765625 0.05517578125
0 0.29052734375 0.29345703125 0.0390625 0.06640625
0 0.261474609375 0.380615234375 0.03466796875 0.03857421875
0 0.039794921875 0.369873046875 0.07958984375 0.04833984375
0 0.02978515625 0.332763671875 0.0595703125 0.06298828125
0 0.040771484375 0.406982421875 0.04443359375 0.03662109375
0 0.075439453125 0.42724609375 0.04638671875 0.0830078125
0 0.110595703125 0.471435546875 0.06494140625 0.10009765625
0 0.1396484375 0.516845703125 0.052734375 0.04736328125
0 0.14453125 0.48828125 0.048828125 0.0693359375
0 0.20458984375 0.476806640625 0.08984375 0.09423828125
0 0.227294921875 0.436767578125 0.04248046875 0.02587890625
0 0.255615234375 0.362060546875 0.08544921875 0.11669921875
0 0.32275390625 0.42919921875 0.05859375 0.05859375
0 0.238525390625 0.570068359375 0.05810546875 0.07373046875
0 0.302001953125 0.5263671875 0.03466796875 0.0380859375
0 0.081787109375 0.61083984375 0.07080078125 0.0654296875
0 0.044189453125 0.66162109375 0.05908203125 0.0615234375
0 0.02734375 0.62939453125 0.0546875 0.0947265625
0 0.020263671875 0.75341796875 0.04052734375 0.064453125
0 0.072509765625 0.693603515625 0.03955078125 0.03173828125
0 0.033447265625 0.70849609375 0.06689453125 0.0732421875
0 0.06982421875 0.739990234375 0.0625 0.07275390625
0 0.050048828125 0.755615234375 0.02685546875 0.02099609375
0 0.162109375 0.64794921875 0.046875 0.060546875
0 0.21875 0.610107421875 0.04296875 0.03857421875
0 0.220458984375 0.658935546875 0.02685546875 0.03271484375
0 0.194580078125 0.662841796875 0.03173828125 0.03857421875
0 0.19921875 0.6142578125 0.0419921875 0.0654296875
0 0.213623046875 0.6904296875 0.03857421875 0.0341796875
0 0.17822265625 0.677001953125 0.0322265625 0.03173828125
0 0.072509765625 0.6728515625 0.04345703125 0.029296875
0 0.311767578125 0.6279296875 0.03759765625 0.0322265625
0 0.280517578125 0.7041015625 0.07470703125 0.0712890625
0 0.024658203125 0.80859375 0.04931640625 0.05078125
0 0.005615234375 0.844970703125 0.01123046875 0.04150390625
0 0.16796875 0.86669921875 0.076171875 0.0537109375
0 0.052734375 0.873046875 0.05859375 0.0625
0 0.021728515625 0.868408203125 0.02392578125 0.03369140625
0 0.031005859375 0.893798828125 0.02099609375 0.02197265625
0 0.2958984375 0.766357421875 0.0517578125 0.06591796875
0 0.409423828125 0.791259765625 0.06103515625 0.07568359375
0 0.333740234375 0.7470703125 0.04248046875 0.0537109375
0 0.359375 0.711181640625 0.0849609375 0.10107421875
0 0.030517578125 0.978515625 0.06103515625 0.0419921875
0 0.005126953125 0.942626953125 0.01025390625 0.03466796875
0 0.123779296875 0.971435546875 0.03173828125 0.04052734375
0 0.101806640625 0.983154296875 0.03955078125 0.03271484375
0 0.135986328125 0.9873046875 0.03955078125 0.0244140625
0 0.302734375 0.940185546875 0.0400390625 0.04833984375
0 0.3837890625 0.971435546875 0.0380859375 0.05615234375
0 0.35546875 0.941162109375 0.0751953125 0.06396484375
0 0.33447265625 0.975830078125 0.0859375 0.04736328125
0 0.42919921875 0.87890625 0.0693359375 0.0693359375
0 0.47412109375 0.900146484375 0.0439453125 0.04248046875
0 0.47802734375 0.866943359375 0.041015625 0.03662109375
0 0.53857421875 0.970947265625 0.025390625 0.02978515625
0 0.515625 0.970458984375 0.033203125 0.03466796875
0 0.50146484375 0.986572265625 0.0537109375 0.02587890625
0 0.5400390625 0.9912109375 0.0341796875 0.0166015625
0 0.5498046875 0.935302734375 0.033203125 0.03466796875
0 0.54248046875 0.757080078125 0.0400390625 0.02978515625
0 0.43505859375 0.763427734375 0.076171875 0.06201171875
0 0.561279296875 0.962890625 0.04931640625 0.04296875
0 0.689697265625 0.881103515625 0.05517578125 0.06884765625
0 0.708740234375 0.9150390625 0.01708984375 0.02734375
0 0.68701171875 0.92236328125 0.03125 0.0234375
0 0.74560546875 0.915283203125 0.0712890625 0.07861328125
0 0.748779296875 0.8515625 0.04443359375 0.0498046875
0 0.75732421875 0.97412109375 0.0341796875 0.037109375
0 0.660888671875 0.79296875 0.04248046875 0.0439453125
0 0.663818359375 0.83349609375 0.04443359375 0.046875
0 0.65625 0.880615234375 0.0390625 0.05810546875
0 0.5908203125 0.856689453125 0.0361328125 0.04150390625
0 0.630615234375 0.778564453125 0.04443359375 0.03662109375
0 0.835205078125 0.914794921875 0.05908203125 0.04443359375
0 0.955810546875 0.985595703125 0.04833984375 0.02783203125
0 0.90869140625 0.779296875 0.05859375 0.0634765625
0 0.86181640625 0.761474609375 0.0810546875 0.06591796875
0 0.85693359375 0.807373046875 0.0810546875 0.06005859375
0 0.6513671875 0.72998046875 0.046875 0.05859375
0 0.701416015625 0.69140625 0.04345703125 0.0380859375
0 0.701416015625 0.758544921875 0.06689453125 0.06298828125
0 0.691162109375 0.803466796875 0.03466796875 0.04833984375
0 0.973876953125 0.68505859375 0.03173828125 0.0302734375
0 0.892822265625 0.680908203125 0.06689453125 0.06494140625
0 0.83349609375 0.626953125 0.0634765625 0.0859375
0 0.791015625 0.634765625 0.064453125 0.0478515625
0 0.816650390625 0.66845703125 0.02978515625 0.03125
0 0.76806640625 0.650390625 0.0478515625 0.0556640625
0 0.663818359375 0.669921875 0.04052734375 0.0390625
0 0.607421875 0.677978515625 0.064453125 0.07080078125
0 0.681396484375 0.632080078125 0.05224609375 0.05908203125
0 0.375732421875 0.65380859375 0.06005859375 0.056640625
0 0.425048828125 0.652587890625 0.05615234375 0.07861328125
0 0.375732421875 0.620361328125 0.02978515625 0.03076171875
0 0.391845703125 0.58984375 0.04443359375 0.0654296875
0 0.357421875 0.589599609375 0.03125 0.04638671875
0 0.35400390625 0.54638671875 0.048828125 0.041015625
0 0.3330078125 0.526611328125 0.041015625 0.05126953125
0 0.4541015625 0.66259765625 0.0302734375 0.0322265625
0 0.453857421875 0.60302734375 0.06494140625 0.0390625
0 0.456298828125 0.564453125 0.06298828125 0.0654296875
0 0.49658203125 0.62646484375 0.05078125 0.0419921875
0 0.50341796875 0.551025390625 0.0390625 0.06201171875
0 0.4013671875 0.4814453125 0.0341796875 0.025390625
0 0.422607421875 0.46484375 0.04052734375 0.0419921875
0 0.545166015625 0.7041015625 0.07275390625 0.0869140625
0 0.587646484375 0.51953125 0.02783203125 0.02734375
0 0.660888671875 0.566650390625 0.03271484375 0.02880859375
0 0.53955078125 0.56298828125 0.041015625 0.0341796875
0 0.365478515625 0.506103515625 0.08642578125 0.05419921875
0 0.358642578125 0.460205078125 0.06201171875 0.05419921875
0 0.570068359375 0.5283203125 0.08154296875 0.060546875
0 0.77392578125 0.493408203125 0.03515625 0.05126953125
0 0.7431640625 0.51220703125 0.06640625 0.06640625
0 0.866943359375 0.521484375 0.04248046875 0.04296875
0 0.826416015625 0.524658203125 0.05322265625 0.04052734375
0 0.83154296875 0.48388671875 0.08984375 0.0595703125
0 0.897705078125 0.527587890625 0.02197265625 0.02978515625
0 0.889892578125 0.49951171875 0.03369140625 0.04296875
0 0.71630859375 0.462890625 0.0673828125 0.060546875
0 0.76318359375 0.439453125 0.09375 0.06640625
0 0.51318359375 0.390625 0.0546875 0.052734375
0 0.375244140625 0.41552734375 0.11181640625 0.0732421875
0 0.675048828125 0.42626953125 0.04931640625 0.0400390625
0 0.705078125 0.41943359375 0.025390625 0.0283203125
0 0.594970703125 0.591552734375 0.05712890625 0.06689453125
0 0.732666015625 0.56689453125 0.03564453125 0.0439453125
0 0.956298828125 0.427490234375 0.07470703125 0.04736328125
0 0.9765625 0.52587890625 0.0458984375 0.0732421875
0 0.96728515625 0.565673828125 0.05859375 0.05419921875
0 0.9697265625 0.615234375 0.0595703125 0.078125
0 0.63037109375 0.39208984375 0.072265625 0.0859375
0 0.6015625 0.412109375 0.060546875 0.0595703125
0 0.5361328125 0.3427734375 0.03125 0.037109375
0 0.60107421875 0.335693359375 0.0390625 0.03466796875
0 0.607177734375 0.306640625 0.04052734375 0.0380859375
0 0.6171875 0.27685546875 0.0537109375 0.0556640625
0 0.662841796875 0.274658203125 0.05517578125 0.05908203125
0 0.55859375 0.264892578125 0.0263671875 0.02880859375
0 0.629638671875 0.229736328125 0.05615234375 0.05908203125
0 0.58837890625 0.244873046875 0.0712890625 0.08642578125
0 0.80859375 0.189453125 0.0888671875 0.0732421875
0 0.518798828125 0.23583984375 0.07470703125 0.0458984375
0 0.546875 0.18896484375 0.03515625 0.0517578125
0 0.633056640625 0.190185546875 0.04052734375 0.03271484375
0 0.68310546875 0.38525390625 0.0458984375 0.0556640625
0 0.724853515625 0.290283203125 0.04833984375 0.04150390625
0 0.807861328125 0.2548828125 0.06689453125 0.0546875
0 0.760009765625 0.1806640625 0.02783203125 0.03515625
0 0.78173828125 0.292724609375 0.0400390625 0.04541015625
0 0.844482421875 0.384033203125 0.06396484375 0.05810546875
0 0.869384765625 0.219482421875 0.05908203125 0.08251953125
0 0.93701171875 0.177734375 0.1064453125 0.08984375
0 0.8701171875 0.139892578125 0.0732421875 0.06884765625
0 0.835205078125 0.325439453125 0.06396484375 0.05419921875
0 0.836181640625 0.281982421875 0.05029296875 0.03076171875
0 0.72412109375 0.1064453125 0.0830078125 0.0615234375
0 0.989501953125 0.25341796875 0.02001953125 0.0419921875
0 0.985107421875 0.218994140625 0.02880859375 0.06787109375
0 0.802001953125 0.031005859375 0.08837890625 0.06201171875
0 0.74951171875 0.013427734375 0.06640625 0.02685546875
0 0.39794921875 0.039306640625 0.0625 0.07861328125
0 0.441650390625 0.04052734375 0.05224609375 0.0810546875
0 0.6005859375 0.126220703125 0.09375 0.05322265625
0 0.566650390625 0.37548828125 0.06005859375 0.052734375
0 0.501708984375 0.333984375 0.04052734375 0.0556640625
0 0.663818359375 0.216552734375 0.02587890625 0.03271484375
0 0.31005859375 0.2783203125 0.044921875 0.0556640625
0 0.049072265625 0.1064453125 0.09033203125 0.08984375
0 0.058349609375 0.210693359375 0.04052734375 0.03857421875
0 0.1767578125 0.09716796875 0.0439453125 0.0595703125
0 0.140869140625 0.214599609375 0.09619140625 0.05810546875
0 0.227294921875 0.097412109375 0.07958984375 0.10302734375
0 0.172119140625 0.262451171875 0.04345703125 0.05615234375
0 0.52099609375 0.020751953125 0.0576171875 0.04150390625
0 0.417724609375 0.114501953125 0.08349609375 0.08056640625
0 0.41650390625 0.23095703125 0.0615234375 0.046875
0 0.104736328125 0.276123046875 0.09619140625 0.10107421875
0 0.147705078125 0.3544921875 0.06884765625 0.0849609375
0 0.24658203125 0.399658203125 0.0458984375 0.06103515625
0 0.092529296875 0.531494140625 0.07568359375 0.05029296875
0 0.276611328125 0.557861328125 0.05517578125 0.07080078125
0 0.177734375 0.587158203125 0.0546875 0.06884765625
0 0.132080078125 0.609130859375 0.03173828125 0.03466796875
0 0.130126953125 0.689453125 0.03955078125 0.037109375
0 0.1806640625 0.73486328125 0.109375 0.080078125
0 0.174072265625 0.910400390625 0.05712890625 0.06005859375
0 0.24560546875 0.80224609375 0.0556640625 0.046875
0 0.10107421875 0.871826171875 0.041015625 0.04833984375
0 0.160400390625 0.96142578125 0.04736328125 0.0546875
0 0.245361328125 0.976806640625 0.06494140625 0.04541015625
0 0.550048828125 0.8974609375 0.09716796875 0.09375
0 0.693115234375 0.958251953125 0.04345703125 0.04541015625
0 0.90576171875 0.875 0.0712890625 0.087890625
0 0.944580078125 0.9453125 0.10400390625 0.0654296875
0 0.763916015625 0.77978515625 0.08447265625 0.1123046875
0 0.966552734375 0.72314453125 0.06591796875 0.0791015625
0 0.632568359375 0.639404296875 0.05810546875 0.06982421875
0 0.488525390625 0.744384765625 0.03955078125 0.04638671875
0 0.7705078125 0.535400390625 0.0595703125 0.05810546875
0 0.825927734375 0.564208984375 0.07080078125 0.04443359375
0 0.565185546875 0.46826171875 0.11767578125 0.083984375
0 0.474853515625 0.412841796875 0.10009765625 0.09912109375
0 0.6298828125 0.51123046875 0.0390625 0.0341796875
0 0.626220703125 0.585693359375 0.03955078125 0.03564453125
0 0.725830078125 0.5966796875 0.03857421875 0.03515625
0 0.936767578125 0.240234375 0.08935546875 0.0869140625
0 0.783203125 0.1123046875 0.05078125 0.0498046875
0 0.794189453125 0.150634765625 0.07958984375 0.03857421875
0 0.946044921875 0.11669921875 0.05810546875 0.0458984375
0 0.892822265625 0.08740234375 0.08740234375 0.0810546875
0 0.152099609375 0.152587890625 0.11083984375 0.08349609375
0 0.319580078125 0.23974609375 0.06884765625 0.060546875
0 0.047607421875 0.93701171875 0.06494140625 0.056640625
0 0.0595703125 0.568359375 0.0810546875 0.0771484375
0 0.143798828125 0.784912109375 0.06201171875 0.06787109375
0 0.82470703125 0.869384765625 0.0927734375 0.06787109375
