0 0.127197265625 0.25048828125 0.03369140625 0.0341796875
0 0.048095703125 0.488525390625 0.05908203125 0.05126953125
0 0.420166015625 0.38232421875 0.02685546875 0.04296875
0 0.04248046875 0.9404296875 0.0712890625 0.08203125
0 0.647216796875 0.934326171875 0.03759765625 0.02880859375
0 0.856689453125 0.645263671875 0.05615234375 0.07373046875
0 0.741943359375 0.67626953125 0.03955078125 0.05078125
0 0.43603515625 0.71337890625 0.0537109375 0.0634765625
0 0.128173828125 0.579833984375 0.04833984375 0.08935546875
0 0.936767578125 0.590087890625 0.04345703125 0.03759765625
0 0.542724609375 0.410400390625 0.05029296875 0.05126953125
0 0.87841796875 0.35009765625 0.0791015625 0.0859375
0 0.6923828125 0.21142578125 0.0576171875 0.048828125
0 0.760986328125 0.06884765625 0.05419921875 0.0361328125
0 0.688232421875 0.71630859375 0.05517578125 0.0625
0 0.864990234375 0.017578125 0.04736328125 0.03515625
0 0.749267578125 0.60205078125 0.03369140625 0.0517578125
0 0.111083984375 0.10546875 0.06884765625 0.0654296875
0 0.031494140625 0.268310546875 0.06298828125 0.06298828125
0 0.404052734375 0.2314453125 0.07373046875 0.04296875
0 0.024658203125 0.44580078125 0.04541015625 0.044921875
0 0.381591796875 0.28759765625 0.06689453125 0.0791015625
0 0.4150390625 0.326171875 0.03125 0.0537109375
0 0.23291015625 0.44580078125 0.0703125 0.0478515625
0 0.093505859375 0.864013671875 0.03955078125 0.04638671875
0 0.122802734375 0.92822265625 0.03076171875 0.0419921875
0 0.25927734375 0.896240234375 0.0498046875 0.04638671875
0 0.364990234375 0.860595703125 0.07666015625 0.10205078125
0 0.416259765625 0.92529296875 0.08447265625 0.0458984375
0 0.443115234375 0.9609375 0.10302734375 0.0771484375
0 0.458984375 0.78955078125 0.083984375 0.0703125
0 0.531494140625 0.818359375 0.09423828125 0.126953125
0 0.635986328125 0.88232421875 0.12060546875 0.1123046875
0 0.65087890625 0.982666015625 0.044921875 0.03369140625
0 0.862060546875 0.958740234375 0.06884765625 0.07958984375
0 0.707763671875 0.828369140625 0.04638671875 0.09228515625
0 0.51513671875 0.668212890625 0.0322265625 0.05126953125
0 0.48291015625 0.701171875 0.052734375 0.0537109375
0 0.679443359375 0.509033203125 0.04638671875 0.05908203125
0 0.88671875 0.58251953125 0.0966796875 0.10546875
0 0.8408203125 0.3828125 0.0771484375 0.0498046875
0 0.781494140625 0.37109375 0.05908203125 0.052734375
0 0.5322265625 0.119873046875 0.041015625 0.04833984375
0 0.70947265625 0.105224609375 0.0810546875 0.06591796875
0 0.568603515625 0.082763671875 0.05126953125 0.06494140625
0 0.71630859375 0.064453125 0.0625 0.0380859375
0 0.481689453125 0.74072265625 0.04443359375 0.0400390625
0 0.11279296875 0.43505859375 0.041015625 0.044921875
0 0.21533203125 0.19677734375 0.064453125 0.0400390625
0 0.715576171875 0.62646484375 0.05615234375 0.046875
0 0.114501953125 0.021728515625 0.04248046875 0.04345703125
0 0.0341796875 0.009521484375 0.044921875 0.01904296875
0 0.007568359375 0.033447265625 0.01513671875 0.06689453125
0 0.02294921875 0.0341796875 0.0390625 0.046875
0 0.07861328125 0.169921875 0.0380859375 0.0546875
0 0.147216796875 0.096923828125 0.02490234375 0.02197265625
0 0.017578125 0.210693359375 0.03515625 0.09619140625
0 0.054443359375 0.218994140625 0.06298828125 0.04736328125
0 0.340087890625 0.153076171875 0.07373046875 0.07763671875
0 0.352783203125 0.111572265625 0.02294921875 0.03369140625
0 0.372802734375 0.01806640625 0.04833984375 0.0361328125
0 0.32861328125 0.009765625 0.0556640625 0.01953125
0 0.455078125 0.01318359375 0.0322265625 0.0263671875
0 0.3837890625 0.191162109375 0.0458984375 0.04052734375
0 0.380126953125 0.15283203125 0.04052734375 0.0458984375
0 0.42236328125 0.16650390625 0.041015625 0.04296875
0 0.46240234375 0.19189453125 0.0634765625 0.0625
0 0.31298828125 0.253173828125 0.0791015625 0.10498046875
0 0.198486328125 0.241455078125 0.04638671875 0.05908203125
0 0.472900390625 0.081787109375 0.07373046875 0.06787109375
0 0.480224609375 0.14990234375 0.03076171875 0.0341796875
0 0.469482421875 0.12109375 0.03271484375 0.0361328125
0 0.433837890625 0.275634765625 0.02783203125 0.03271484375
0 0.169921875 0.30712890625 0.0849609375 0.0947265625
0 0.03271484375 0.343994140625 0.0654296875 0.09716796875
0 0.0712890625 0.341796875 0.0654296875 0.078125
0 0.069091796875 0.422607421875 0.04736328125 0.10009765625
0 0.255615234375 0.31298828125 0.09033203125 0.0654296875
0 0.2529296875 0.362060546875 0.0283203125 0.05224609375
0 0.316162109375 0.4375 0.05615234375 0.068359375
0 0.3681640625 0.41943359375 0.072265625 0.048828125
0 0.339599609375 0.35302734375 0.13427734375 0.1259765625
0 0.384033203125 0.483642578125 0.11083984375 0.08447265625
0 0.19482421875 0.4638671875 0.09375 0.0888671875
0 0.198974609375 0.515625 0.08154296875 0.0478515625
0 0.207275390625 0.547607421875 0.07373046875 0.02587890625
0 0.22265625 0.587158203125 0.0693359375 0.07470703125
0 0.293701171875 0.52490234375 0.02978515625 0.0400390625
0 0.345703125 0.545654296875 0.044921875 0.04736328125
0 0.367919921875 0.59033203125 0.08154296875 0.078125
0 0.4697265625 0.5380859375 0.1044921875 0.095703125
0 0.471923828125 0.609619140625 0.07568359375 0.05615234375
0 0.481689453125 0.588623046875 0.03466796875 0.03271484375
0 0.477783203125 0.300048828125 0.11279296875 0.13525390625
0 0.501953125 0.383544921875 0.0595703125 0.05712890625
0 0.527099609375 0.331298828125 0.04443359375 0.03857421875
0 0.073486328125 0.612548828125 0.06884765625 0.06787109375
0 0.034423828125 0.63623046875 0.06884765625 0.1142578125
0 0.0458984375 0.717529296875 0.091796875 0.12646484375
0 0.022216796875 0.80712890625 0.04443359375 0.0556640625
0 0.176513671875 0.642822265625 0.09228515625 0.06201171875
0 0.209228515625 0.68603515625 0.03173828125 0.0380859375
0 0.207275390625 0.745849609375 0.04638671875 0.05126953125
0 0.166015625 0.86376953125 0.103515625 0.05078125
0 0.28955078125 0.765869140625 0.0517578125 0.05224609375
0 0.0576171875 0.8583984375 0.0947265625 0.09765625
0 0.1005859375 0.971923828125 0.060546875 0.05517578125
0 0.17529296875 0.820556640625 0.056640625 0.06494140625
0 0.293212890625 0.93603515625 0.04931640625 0.048828125
0 0.370361328125 0.970703125 0.05224609375 0.0576171875
0 0.34765625 0.941162109375 0.0654296875 0.06591796875
0 0.306640625 0.812744140625 0.0791015625 0.06884765625
0 0.026123046875 0.98291015625 0.05224609375 0.033203125
0 0.39111328125 0.765869140625 0.0322265625 0.03955078125
0 0.404296875 0.802978515625 0.0546875 0.05615234375
0 0.421630859375 0.759521484375 0.05517578125 0.04248046875
0 0.412109375 0.877197265625 0.078125 0.06689453125
0 0.505615234375 0.9736328125 0.08251953125 0.0517578125
0 0.534423828125 0.931396484375 0.04052734375 0.03076171875
0 0.599853515625 0.9345703125 0.07373046875 0.0517578125
0 0.61767578125 0.909912109375 0.04296875 0.04150390625
0 0.682373046875 0.87890625 0.06103515625 0.0791015625
0 0.6552734375 0.849365234375 0.0439453125 0.07763671875
0 0.653564453125 0.79150390625 0.03759765625 0.0439453125
0 0.734130859375 0.921142578125 0.07958984375 0.09619140625
0 0.774658203125 0.9921875 0.04833984375 0.0146484375
0 0.771240234375 0.97412109375 0.03564453125 0.029296875
0 0.811279296875 0.94921875 0.04833984375 0.046875
0 0.74267578125 0.8251953125 0.0458984375 0.091796875
0 0.8056640625 0.626220703125 0.0927734375 0.08544921875
0 0.76513671875 0.653564453125 0.044921875 0.04541015625
0 0.643798828125 0.727783203125 0.05419921875 0.06103515625
0 0.597900390625 0.675048828125 0.07666015625 0.06103515625
0 0.665283203125 0.642578125 0.05810546875 0.083984375
0 0.883544921875 0.671142578125 0.05517578125 0.05517578125
0 0.855712890625 0.7578125 0.06005859375 0.0625
0 0.969970703125 0.6806640625 0.02294921875 0.0302734375
0 0.900634765625 0.771728515625 0.06787109375 0.06884765625
0 0.70166015625 0.745849609375 0.0859375 0.07763671875
0 0.54638671875 0.69921875 0.0810546875 0.0849609375
0 0.314208984375 0.741455078125 0.04150390625 0.04833984375
0 0.342529296875 0.710693359375 0.08251953125 0.10498046875
0 0.218994140625 0.62158203125 0.09423828125 0.046875
0 0.306640625 0.63232421875 0.029296875 0.03125
0 0.3251953125 0.611083984375 0.037109375 0.04052734375
0 0.46728515625 0.6572265625 0.0771484375 0.0458984375
0 0.41943359375 0.64501953125 0.0576171875 0.072265625
0 0.3642578125 0.647705078125 0.0654296875 0.07666015625
0 0.28369140625 0.702392578125 0.0859375 0.09228515625
0 0.17529296875 0.58447265625 0.0517578125 0.0595703125
0 0.267333984375 0.500244140625 0.06298828125 0.06982421875
0 0.839111328125 0.51904296875 0.08837890625 0.041015625
0 0.825439453125 0.4794921875 0.08837890625 0.060546875
0 0.76953125 0.486083984375 0.033203125 0.04833984375
0 0.733642578125 0.511474609375 0.05712890625 0.06103515625
0 0.74365234375 0.452880859375 0.1171875 0.08447265625
0 0.970947265625 0.519775390625 0.05712890625 0.08056640625
0 0.972900390625 0.603759765625 0.05322265625 0.06884765625
0 0.718017578125 0.57666015625 0.03369140625 0.060546875
0 0.700439453125 0.55126953125 0.05517578125 0.048828125
0 0.655029296875 0.56298828125 0.03564453125 0.0341796875
0 0.89697265625 0.526611328125 0.029296875 0.02392578125
0 0.5283203125 0.5634765625 0.0341796875 0.0380859375
0 0.579833984375 0.525634765625 0.02880859375 0.02880859375
0 0.94287109375 0.420654296875 0.068359375 0.04052734375
0 0.897216796875 0.44384765625 0.07177734375 0.0703125
0 0.609619140625 0.385986328125 0.09814453125 0.08447265625
0 0.660400390625 0.419677734375 0.06103515625 0.04052734375
0 0.6259765625 0.2998046875 0.11328125 0.1181640625
0 0.557373046875 0.2578125 0.03564453125 0.0341796875
0 0.5986328125 0.2236328125 0.1171875 0.0615234375
0 0.697265625 0.4140625 0.0244140625 0.029296875
0 0.820556640625 0.279052734375 0.02197265625 0.02197265625
0 0.7734375 0.28857421875 0.0458984375 0.041015625
0 0.919189453125 0.2373046875 0.09033203125 0.0927734375
0 0.9853515625 0.23046875 0.0283203125 0.048828125
0 0.51611328125 0.221923828125 0.0849609375 0.09326171875
0 0.505615234375 0.1552734375 0.05224609375 0.068359375
0 0.626953125 0.1875 0.033203125 0.0322265625
0 0.801513671875 0.185302734375 0.09326171875 0.07373046875
0 0.75439453125 0.17724609375 0.025390625 0.0361328125
0 0.867919921875 0.218505859375 0.06201171875 0.07177734375
0 0.9208984375 0.173583984375 0.083984375 0.08251953125
0 0.859619140625 0.135009765625 0.07177734375 0.06884765625
0 0.51220703125 0.042236328125 0.0341796875 0.02783203125
0 0.832275390625 0.905029296875 0.06396484375 0.05517578125
0 0.982666015625 0.65966796875 0.03369140625 0.03515625
0 0.601806640625 0.0400390625 0.07080078125 0.080078125
0 0.618408203125 0.093505859375 0.05712890625 0.03955078125
0 0.546875 0.02880859375 0.0419921875 0.05078125
0 0.11083984375 0.475341796875 0.083984375 0.10791015625
0 0.767822265625 0.028564453125 0.11669921875 0.05712890625
0 0.0439453125 0.0546875 0.0458984375 0.0546875
0 0.05322265625 0.10498046875 0.10546875 0.08984375
0 0.013671875 0.120849609375 0.02734375 0.07958984375
0 0.166015625 0.0859375 0.0771484375 0.0751953125
0 0.158447265625 0.025146484375 0.07861328125 0.05029296875
0 0.0498046875 0.2041015625 0.0439453125 0.0439453125
0 0.22998046875 0.14990234375 0.0654296875 0.076171875
0 0.278564453125 0.10888671875 0.08935546875 0.09765625
0 0.219482421875 0.093994140625 0.06396484375 0.08642578125
0 0.248046875 0.036376953125 0.0771484375 0.07275390625
0 0.3427734375 0.064697265625 0.0517578125 0.07080078125
0 0.276123046875 0.182861328125 0.05908203125 0.05908203125
0 0.135986328125 0.20849609375 0.10400390625 0.060546875
0 0.164306640625 0.251953125 0.04248046875 0.052734375
0 0.327392578125 0.20166015625 0.06103515625 0.0419921875
0 0.41796875 0.103271484375 0.09765625 0.12451171875
0 0.098388671875 0.2744140625 0.11962890625 0.115234375
0 0.137939453125 0.364013671875 0.07861328125 0.09814453125
0 0.19384765625 0.38232421875 0.07421875 0.0859375
0 0.025634765625 0.5341796875 0.05126953125 0.0810546875
0 0.086669921875 0.5322265625 0.04736328125 0.0390625
0 0.278076171875 0.569091796875 0.08837890625 0.10009765625
0 0.462646484375 0.458984375 0.04443359375 0.033203125
0 0.358642578125 0.261962890625 0.04443359375 0.05322265625
0 0.124755859375 0.680419921875 0.04248046875 0.02978515625
0 0.249755859375 0.66943359375 0.04833984375 0.0498046875
0 0.235107421875 0.802978515625 0.08056640625 0.08935546875
0 0.13916015625 0.79248046875 0.0849609375 0.0712890625
0 0.159423828125 0.726318359375 0.08056640625 0.06591796875
0 0.10107421875 0.654296875 0.0703125 0.064453125
0 0.167236328125 0.903564453125 0.05419921875 0.05322265625
0 0.216064453125 0.91064453125 0.05029296875 0.0556640625
0 0.268798828125 0.967529296875 0.16943359375 0.06396484375
0 0.3193359375 0.858154296875 0.06640625 0.06982421875
0 0.36328125 0.79052734375 0.056640625 0.044921875
0 0.24169921875 0.972900390625 0.080078125 0.05322265625
0 0.157958984375 0.954833984375 0.05908203125 0.06005859375
0 0.49267578125 0.80810546875 0.0625 0.095703125
0 0.53466796875 0.89794921875 0.091796875 0.0673828125
0 0.586181640625 0.852783203125 0.03564453125 0.02978515625
0 0.6083984375 0.977783203125 0.0478515625 0.04345703125
0 0.54736328125 0.955810546875 0.03125 0.03857421875
0 0.564453125 0.9677734375 0.0458984375 0.060546875
0 0.60205078125 0.811279296875 0.0751953125 0.07568359375
0 0.629638671875 0.772216796875 0.06103515625 0.03173828125
0 0.690673828125 0.966796875 0.06591796875 0.0654296875
0 0.900634765625 0.8740234375 0.07568359375 0.0986328125
0 0.967529296875 0.888916015625 0.05517578125 0.05712890625
0 0.571044921875 0.735107421875 0.06982421875 0.06787109375
0 0.55029296875 0.630859375 0.0927734375 0.0859375
0 0.89990234375 0.712158203125 0.0634765625 0.05322265625
0 0.773193359375 0.76513671875 0.09814453125 0.0869140625
0 0.8212890625 0.7236328125 0.103515625 0.0859375
0 0.955810546875 0.725830078125 0.06884765625 0.07470703125
0 0.76953125 0.695068359375 0.0498046875 0.05029296875
0 0.05712890625 0.56103515625 0.0771484375 0.0791015625
0 0.90576171875 0.622314453125 0.0458984375 0.04833984375
0 0.648193359375 0.5947265625 0.03466796875 0.0498046875
0 0.68212890625 0.5859375 0.0439453125 0.064453125
0 0.647705078125 0.463623046875 0.05810546875 0.06982421875
0 0.6240234375 0.51416015625 0.068359375 0.0751953125
0 0.82568359375 0.563232421875 0.076171875 0.04541015625
0 0.76318359375 0.538330078125 0.0615234375 0.06103515625
0 0.584228515625 0.59228515625 0.04736328125 0.0517578125
0 0.529541015625 0.593017578125 0.06591796875 0.03369140625
0 0.556884765625 0.4609375 0.09033203125 0.0810546875
0 0.83837890625 0.436279296875 0.0478515625 0.05615234375
0 0.795654296875 0.410888671875 0.06982421875 0.05419921875
0 0.55419921875 0.312744140625 0.06640625 0.08251953125
0 0.731201171875 0.336669921875 0.09912109375 0.07373046875
0 0.736572265625 0.4130859375 0.05712890625 0.0546875
0 0.720947265625 0.281494140625 0.05908203125 0.05224609375
0 0.691650390625 0.36767578125 0.08251953125 0.0771484375
0 0.521240234375 0.082275390625 0.04931640625 0.05908203125
0 0.602783203125 0.17333984375 0.11669921875 0.0712890625
0 0.7060546875 0.165771484375 0.06640625 0.05322265625
0 0.242919921875 0.3916015625 0.04541015625 0.0693359375
0 0.27099609375 0.38037109375 0.0244140625 0.04296875
0 0.799560546875 0.83984375 0.08837890625 0.0908203125
0 0.935546875 0.66259765625 0.07421875 0.1123046875
0 0.6533203125 0.035400390625 0.0380859375 0.06494140625
0 0.510498046875 0.0224609375 0.06787109375 0.044921875
0 0.876708984375 0.076171875 0.08740234375 0.087890625
0 0.958251953125 0.06298828125 0.08251953125 0.08203125
0 0.95166015625 0.115966796875 0.0478515625 0.04833984375
0 0.791015625 0.101318359375 0.07421875 0.06982421875
0 0.7646484375 0.14013671875 0.052734375 0.05078125
0 0.10400390625 0.753662109375 0.0283203125 0.07373046875
0 0.1005859375 0.709228515625 0.0263671875 0.03466796875
0 0.14501953125 0.15576171875 0.0478515625 0.0556640625
0 0.7890625 0.25048828125 0.0947265625 0.0615234375
0 0.94970703125 0.49658203125 0.0869140625 0.099609375
0 0.13720703125 0.4404296875 0.0390625 0.0498046875
0 0.2294921875 0.23046875 0.05859375 0.03515625
0 0.92822265625 0.90576171875 0.0380859375 0.044921875
0 0.931640625 0.937744140625 0.0439453125 0.03955078125
0 0.46533203125 0.422119140625 0.0927734375 0.08056640625
0 0.62548828125 0.635009765625 0.0537109375 0.07080078125
0 0.826171875 0.315185546875 0.09765625 0.09912109375
0 0.078857421875 0.043212890625 0.05126953125 0.03662109375
