0 0.019775390625 0.46337890625 0.03955078125 0.056640625
0 0.06005859375 0.477294921875 0.0458984375 0.05419921875
0 0.023681640625 0.52294921875 0.04736328125 0.076171875
0 0.089111328125 0.53466796875 0.05712890625 0.0576171875
0 0.095458984375 0.499267578125 0.03076171875 0.02978515625
0 0.148193359375 0.440185546875 0.07568359375 0.09326171875
0 0.031982421875 0.669921875 0.06396484375 0.0634765625
0 0.151611328125 0.6552734375 0.06201171875 0.087890625
0 0.174560546875 0.722900390625 0.07568359375 0.08251953125
0 0.202880859375 0.640869140625 0.05224609375 0.06884765625
0 0.25439453125 0.64599609375 0.0546875 0.0751953125
0 0.321533203125 0.620849609375 0.08447265625 0.07177734375
0 0.053955078125 0.86572265625 0.09814453125 0.0927734375
0 0.116943359375 0.805419921875 0.05615234375 0.06494140625
0 0.134765625 0.8701171875 0.0888671875 0.095703125
0 0.186279296875 0.808349609375 0.09130859375 0.07861328125
0 0.280029296875 0.725830078125 0.06787109375 0.09326171875
0 0.113037109375 0.95068359375 0.08251953125 0.08203125
0 0.04345703125 0.972412109375 0.0869140625 0.05419921875
0 0.174560546875 0.9609375 0.05224609375 0.0771484375
0 0.19091796875 0.987060546875 0.041015625 0.02490234375
0 0.20751953125 0.963623046875 0.029296875 0.03857421875
0 0.22412109375 0.984375 0.0341796875 0.0302734375
0 0.2470703125 0.98388671875 0.037109375 0.03125
0 0.31396484375 0.87109375 0.0322265625 0.0322265625
0 0.321044921875 0.893798828125 0.06103515625 0.04345703125
0 0.486572265625 0.970703125 0.06591796875 0.0576171875
0 0.4013671875 0.77490234375 0.0546875 0.044921875
0 0.408447265625 0.51513671875 0.09814453125 0.078125
0 0.31689453125 0.447021484375 0.0439453125 0.04638671875
0 0.2587890625 0.372314453125 0.1220703125 0.08935546875
0 0.347900390625 0.3583984375 0.09033203125 0.06640625
0 0.395263671875 0.387451171875 0.04150390625 0.04150390625
0 0.4384765625 0.383544921875 0.0908203125 0.06982421875
0 0.406494140625 0.337158203125 0.12060546875 0.06298828125
0 0.366455078125 0.2666015625 0.07177734375 0.0908203125
0 0.433349609375 0.2861328125 0.08251953125 0.1083984375
0 0.236572265625 0.21142578125 0.13427734375 0.12890625
0 0.28955078125 0.175537109375 0.111328125 0.12646484375
0 0.40283203125 0.060302734375 0.1044921875 0.08056640625
0 0.5009765625 0.080078125 0.064453125 0.0703125
0 0.508544921875 0.134521484375 0.06396484375 0.06201171875
0 0.52001953125 0.105712890625 0.0322265625 0.03662109375
0 0.481201171875 0.175048828125 0.10595703125 0.09228515625
0 0.595458984375 0.17578125 0.04345703125 0.060546875
0 0.64697265625 0.23876953125 0.0830078125 0.0830078125
0 0.6982421875 0.03173828125 0.0458984375 0.048828125
0 0.71875 0.0107421875 0.0673828125 0.021484375
0 0.77734375 0.200927734375 0.068359375 0.05908203125
0 0.947265625 0.227294921875 0.0771484375 0.09228515625
0 0.922607421875 0.180908203125 0.05126953125 0.04150390625
0 0.8486328125 0.150146484375 0.0439453125 0.05029296875
0 0.5185546875 0.24560546875 0.1005859375 0.078125
0 0.70458984375 0.296875 0.0537109375 0.07421875
0 0.537109375 0.53955078125 0.064453125 0.04296875
0 0.889404296875 0.270263671875 0.10009765625 0.08935546875
0 0.969482421875 0.2705078125 0.06005859375 0.06640625
0 0.942138671875 0.37353515625 0.08251953125 0.0693359375
0 0.8017578125 0.435791015625 0.09375 0.09912109375
0 0.706298828125 0.96337890625 0.06689453125 0.052734375
0 0.7900390625 0.9169921875 0.0888671875 0.0947265625
0 0.6728515625 0.768798828125 0.05078125 0.03662109375
0 0.70556640625 0.77197265625 0.048828125 0.0556640625
0 0.890380859375 0.840576171875 0.06982421875 0.07080078125
0 0.861083984375 0.913330078125 0.08349609375 0.12255859375
0 0.88330078125 0.94287109375 0.048828125 0.0732421875
0 0.9765625 0.5595703125 0.0439453125 0.0380859375
0 0.934326171875 0.5615234375 0.03466796875 0.033203125
0 0.127197265625 0.047607421875 0.08056640625 0.07373046875
0 0.076904296875 0.040771484375 0.08349609375 0.08154296875
0 0.050537109375 0.18212890625 0.10107421875 0.07421875
0 0.10107421875 0.32421875 0.126953125 0.115234375
0 0.11669921875 0.30615234375 0.072265625 0.0888671875
0 0.103759765625 0.43115234375 0.09033203125 0.109375
0 0.063232421875 0.389404296875 0.09716796875 0.05126953125
0 0.05517578125 0.527587890625 0.0546875 0.06884765625
0 0.132080078125 0.543212890625 0.07861328125 0.13134765625
0 0.192626953125 0.513427734375 0.08642578125 0.08935546875
0 0.0966796875 0.666015625 0.1083984375 0.1025390625
0 0.318115234375 0.515625 0.04638671875 0.0517578125
0 0.08203125 0.779296875 0.0556640625 0.0595703125
0 0.11669921875 0.7451171875 0.0595703125 0.0673828125
0 0.018310546875 0.934326171875 0.03662109375 0.05615234375
0 0.44775390625 0.948974609375 0.0498046875 0.05712890625
0 0.452880859375 0.692138671875 0.08349609375 0.07666015625
0 0.361083984375 0.68212890625 0.04345703125 0.03515625
0 0.383056640625 0.6181640625 0.08349609375 0.1005859375
0 0.403564453125 0.564697265625 0.08837890625 0.04833984375
0 0.430908203125 0.451171875 0.08837890625 0.07421875
0 0.325439453125 0.296875 0.07177734375 0.0869140625
0 0.500732421875 0.282958984375 0.07958984375 0.09912109375
0 0.20068359375 0.177490234375 0.033203125 0.03857421875
0 0.303955078125 0.13427734375 0.06689453125 0.080078125
0 0.32177734375 0.0712890625 0.087890625 0.09375
0 0.40576171875 0.019775390625 0.091796875 0.03955078125
0 0.4931640625 0.03564453125 0.0927734375 0.05859375
0 0.65771484375 0.169677734375 0.091796875 0.08544921875
0 0.5869140625 0.232421875 0.0654296875 0.07421875
0 0.669677734375 0.078369140625 0.09326171875 0.11669921875
0 0.7802734375 0.01611328125 0.0595703125 0.0322265625
0 0.788330078125 0.15478515625 0.06103515625 0.041015625
0 0.78076171875 0.3037109375 0.111328125 0.1337890625
0 0.5107421875 0.36279296875 0.095703125 0.0703125
0 0.651123046875 0.43505859375 0.10009765625 0.11328125
0 0.552001953125 0.444091796875 0.10107421875 0.06494140625
0 0.525146484375 0.489013671875 0.07373046875 0.07861328125
0 0.6064453125 0.49951171875 0.10546875 0.0849609375
0 0.921630859375 0.439697265625 0.10498046875 0.07763671875
0 0.761474609375 0.428955078125 0.04248046875 0.05029296875
0 0.735595703125 0.54541015625 0.06689453125 0.080078125
0 0.7880859375 0.53173828125 0.078125 0.1044921875
0 0.93994140625 0.495361328125 0.0830078125 0.05224609375
0 0.76025390625 0.677001953125 0.0751953125 0.08544921875
0 0.80908203125 0.667236328125 0.0615234375 0.07958984375
0 0.93994140625 0.637939453125 0.072265625 0.07080078125
0 0.689453125 0.623291015625 0.1123046875 0.08251953125
0 0.568115234375 0.7548828125 0.07763671875 0.0791015625
0 0.483642578125 0.73486328125 0.11279296875 0.08203125
0 0.650146484375 0.94921875 0.05517578125 0.0615234375
0 0.771728515625 0.96337890625 0.07666015625 0.0673828125
0 0.104248046875 0.111083984375 0.08447265625 0.07470703125
0 0.04736328125 0.09619140625 0.0634765625 0.060546875
0 0.124755859375 0.170654296875 0.07080078125 0.09423828125
0 0.047119140625 0.146728515625 0.04443359375 0.03759765625
0 0.09912109375 0.229736328125 0.0439453125 0.05908203125
0 0.03466796875 0.2314453125 0.05078125 0.068359375
0 0.18408203125 0.3046875 0.0693359375 0.0986328125
0 0.2578125 0.29345703125 0.091796875 0.076171875
0 0.055419921875 0.329833984375 0.06201171875 0.07958984375
0 0.017822265625 0.31787109375 0.03564453125 0.1279296875
0 0.037353515625 0.418701171875 0.05126953125 0.04736328125
0 0.05615234375 0.451904296875 0.046875 0.04638671875
0 0.052978515625 0.615478515625 0.07763671875 0.08837890625
0 0.025390625 0.57958984375 0.05078125 0.0732421875
0 0.229736328125 0.43994140625 0.09423828125 0.087890625
0 0.2646484375 0.5732421875 0.0849609375 0.08984375
0 0.255615234375 0.521728515625 0.04443359375 0.02783203125
0 0.267333984375 0.495849609375 0.10107421875 0.06982421875
0 0.011474609375 0.70849609375 0.02294921875 0.0244140625
0 0.044189453125 0.704833984375 0.04833984375 0.03955078125
0 0.0634765625 0.731201171875 0.0771484375 0.06005859375
0 0.1533203125 0.602294921875 0.0625 0.05615234375
0 0.19677734375 0.632080078125 0.033203125 0.03173828125
0 0.181884765625 0.6201171875 0.03564453125 0.048828125
0 0.212646484375 0.68701171875 0.06103515625 0.0263671875
0 0.234619140625 0.726318359375 0.06494140625 0.08740234375
0 0.2802734375 0.667724609375 0.037109375 0.03466796875
0 0.03662109375 0.818115234375 0.072265625 0.04541015625
0 0.1796875 0.77294921875 0.06640625 0.044921875
0 0.26171875 0.867431640625 0.1484375 0.10302734375
0 0.279296875 0.802001953125 0.1103515625 0.08935546875
0 0.209228515625 0.89892578125 0.06298828125 0.0556640625
0 0.23876953125 0.931640625 0.0791015625 0.0927734375
0 0.29248046875 0.98291015625 0.060546875 0.033203125
0 0.289794921875 0.96142578125 0.02783203125 0.0224609375
0 0.29443359375 0.914794921875 0.033203125 0.03466796875
0 0.404052734375 0.907958984375 0.04052734375 0.03955078125
0 0.37060546875 0.986083984375 0.0458984375 0.02685546875
0 0.483642578125 0.92041015625 0.08642578125 0.0673828125
0 0.5732421875 0.967529296875 0.0849609375 0.06396484375
0 0.43017578125 0.8720703125 0.0380859375 0.041015625
0 0.40478515625 0.841552734375 0.095703125 0.09814453125
0 0.32958984375 0.771484375 0.0322265625 0.0546875
0 0.366943359375 0.78173828125 0.04638671875 0.0517578125
0 0.315185546875 0.737060546875 0.03076171875 0.03662109375
0 0.329345703125 0.716552734375 0.03271484375 0.03564453125
0 0.371337890625 0.73486328125 0.04833984375 0.052734375
0 0.38232421875 0.696533203125 0.0673828125 0.05224609375
0 0.35986328125 0.653564453125 0.03515625 0.03955078125
0 0.4697265625 0.636474609375 0.0986328125 0.08447265625
0 0.412109375 0.59521484375 0.05078125 0.0458984375
0 0.50341796875 0.56494140625 0.0712890625 0.11328125
0 0.466796875 0.515869140625 0.0283203125 0.02978515625
0 0.364501953125 0.49267578125 0.07763671875 0.09765625
0 0.472900390625 0.459228515625 0.05810546875 0.10107421875
0 0.239990234375 0.409423828125 0.10205078125 0.04931640625
0 0.227783203125 0.337158203125 0.07666015625 0.07275390625
0 0.345458984375 0.41552734375 0.07470703125 0.0693359375
0 0.416015625 0.35546875 0.0419921875 0.0458984375
0 0.3125 0.245361328125 0.0439453125 0.03955078125
0 0.1533203125 0.197509765625 0.0654296875 0.08056640625
0 0.38671875 0.15478515625 0.12890625 0.146484375
0 0.190673828125 0.145751953125 0.07373046875 0.04638671875
0 0.25390625 0.02734375 0.05859375 0.052734375
0 0.30224609375 0.02294921875 0.056640625 0.0458984375
0 0.197998046875 0.031494140625 0.06005859375 0.06298828125
0 0.45654296875 0.09765625 0.0478515625 0.0791015625
0 0.457275390625 0.149658203125 0.01904296875 0.03466796875
0 0.547607421875 0.16015625 0.05224609375 0.04296875
0 0.5439453125 0.2021484375 0.0673828125 0.068359375
0 0.600341796875 0.07763671875 0.03173828125 0.072265625
0 0.570556640625 0.089599609375 0.03857421875 0.05419921875
0 0.658447265625 0.018310546875 0.06884765625 0.03662109375
0 0.7412109375 0.060791015625 0.0888671875 0.08642578125
0 0.903564453125 0.066650390625 0.04736328125 0.06884765625
0 0.94384765625 0.125732421875 0.078125 0.07861328125
0 0.8466796875 0.099853515625 0.083984375 0.05517578125
0 0.812744140625 0.2041015625 0.02978515625 0.03125
0 0.819091796875 0.15380859375 0.03857421875 0.0322265625
0 0.81298828125 0.1298828125 0.0595703125 0.03515625
0 0.86279296875 0.124267578125 0.025390625 0.02197265625
0 0.73583984375 0.14111328125 0.1162109375 0.115234375
0 0.8623046875 0.043701171875 0.0751953125 0.06103515625
0 0.565185546875 0.25390625 0.04052734375 0.037109375
0 0.59619140625 0.29248046875 0.03515625 0.044921875
0 0.807861328125 0.260498046875 0.08544921875 0.08544921875
0 0.706298828125 0.2490234375 0.10302734375 0.099609375
0 0.56298828125 0.317626953125 0.060546875 0.06982421875
0 0.578125 0.39990234375 0.068359375 0.0703125
0 0.597900390625 0.376708984375 0.08935546875 0.09521484375
0 0.6171875 0.568115234375 0.09765625 0.08056640625
0 0.894287109375 0.308349609375 0.02978515625 0.02880859375
0 0.911865234375 0.32421875 0.03271484375 0.0283203125
0 0.95458984375 0.326171875 0.08984375 0.078125
0 0.749267578125 0.3486328125 0.04443359375 0.044921875
0 0.976806640625 0.396728515625 0.04541015625 0.06005859375
0 0.736328125 0.402099609375 0.0947265625 0.08056640625
0 0.85498046875 0.451904296875 0.03125 0.03759765625
0 0.8720703125 0.49365234375 0.083984375 0.0673828125
0 0.90869140625 0.564697265625 0.1220703125 0.08740234375
0 0.832763671875 0.589599609375 0.09912109375 0.07275390625
0 0.851806640625 0.650146484375 0.04345703125 0.05322265625
0 0.88623046875 0.634765625 0.0517578125 0.0654296875
0 0.81787109375 0.6181640625 0.044921875 0.0439453125
0 0.92578125 0.695068359375 0.0693359375 0.06884765625
0 0.974365234375 0.703369140625 0.05029296875 0.06298828125
0 0.954833984375 0.74951171875 0.07861328125 0.0732421875
0 0.8154296875 0.729248046875 0.046875 0.05126953125
0 0.84765625 0.7353515625 0.0380859375 0.0322265625
0 0.894775390625 0.736328125 0.03955078125 0.0439453125
0 0.76806640625 0.609375 0.0625 0.0693359375
0 0.677490234375 0.66455078125 0.03564453125 0.029296875
0 0.535400390625 0.690673828125 0.08251953125 0.07177734375
0 0.62451171875 0.708251953125 0.080078125 0.05615234375
0 0.474853515625 0.79345703125 0.08056640625 0.060546875
0 0.49755859375 0.770263671875 0.0537109375 0.04541015625
0 0.498779296875 0.8759765625 0.11474609375 0.087890625
0 0.62353515625 0.8857421875 0.1513671875 0.09375
0 0.55078125 0.82177734375 0.0830078125 0.0927734375
0 0.66162109375 0.911376953125 0.037109375 0.04052734375
0 0.7001953125 0.913330078125 0.05859375 0.06591796875
0 0.724609375 0.889892578125 0.060546875 0.10205078125
0 0.68310546875 0.97900390625 0.0810546875 0.041015625
0 0.761474609375 0.892333984375 0.03759765625 0.05615234375
0 0.72998046875 0.80615234375 0.052734375 0.052734375
0 0.918212890625 0.8583984375 0.04931640625 0.064453125
0 0.969970703125 0.830322265625 0.05908203125 0.04443359375
0 0.925048828125 0.79345703125 0.05908203125 0.068359375
0 0.956298828125 0.906982421875 0.03369140625 0.03955078125
0 0.95458984375 0.8759765625 0.08984375 0.1005859375
0 0.029052734375 0.057373046875 0.05810546875 0.05615234375
0 0.01904296875 0.126953125 0.0380859375 0.087890625
0 0.186279296875 0.566162109375 0.10107421875 0.07373046875
0 0.032470703125 0.781005859375 0.06298828125 0.05029296875
0 0.380615234375 0.96142578125 0.03857421875 0.0390625
0 0.341796875 0.934326171875 0.13671875 0.11962890625
0 0.3427734375 0.8125 0.0517578125 0.0693359375
0 0.32275390625 0.576416015625 0.0771484375 0.08740234375
0 0.560791015625 0.10693359375 0.06298828125 0.099609375
0 0.854736328125 0.203125 0.11474609375 0.0966796875
0 0.64990234375 0.322998046875 0.09375 0.12744140625
0 0.699462890625 0.353759765625 0.07373046875 0.10302734375
0 0.552734375 0.477783203125 0.04296875 0.05322265625
0 0.697021484375 0.567138671875 0.06494140625 0.06884765625
0 0.86572265625 0.69677734375 0.0673828125 0.0634765625
0 0.932373046875 0.933837890625 0.05517578125 0.06591796875
0 0.173095703125 0.863037109375 0.04052734375 0.04345703125
0 0.956298828125 0.048828125 0.06591796875 0.0712890625
0 0.893798828125 0.135986328125 0.05712890625 0.07666015625
0 0.6826171875 0.517578125 0.06640625 0.091796875
0 0.6943359375 0.702392578125 0.103515625 0.10107421875
0 0.769775390625 0.849853515625 0.04150390625 0.04541015625
