0 0.314453125 0.76708984375 0.056640625 0.103515625
0 0.034423828125 0.732177734375 0.06494140625 0.07861328125
0 0.155517578125 0.79931640625 0.06201171875 0.0751953125
0 0.265625 0.880859375 0.0478515625 0.078125
0 0.20556640625 0.81103515625 0.068359375 0.0615234375
0 0.06591796875 0.83740234375 0.0673828125 0.0751953125
0 0.15478515625 0.971435546875 0.0537109375 0.05615234375
0 0.1875 0.896484375 0.0556640625 0.072265625
0 0.101318359375 0.962890625 0.05712890625 0.0732421875
0 0.348876953125 0.255615234375 0.09423828125 0.10791015625
0 0.12060546875 0.1708984375 0.11328125 0.0908203125
0 0.029296875 0.145751953125 0.05859375 0.08642578125
0 0.071533203125 0.048828125 0.09326171875 0.0908203125
0 0.076416015625 0.099365234375 0.06201171875 0.05908203125
0 0.015625 0.091064453125 0.03125 0.04052734375
0 0.2646484375 0.062744140625 0.0625 0.06103515625
0 0.328857421875 0.071044921875 0.06494140625 0.06103515625
0 0.283447265625 0.1826171875 0.09423828125 0.0458984375
0 0.607421875 0.1181640625 0.0546875 0.0517578125
0 0.56005859375 0.1455078125 0.0595703125 0.0732421875
0 0.59423828125 0.16162109375 0.064453125 0.068359375
0 0.63916015625 0.26513671875 0.03125 0.0634765625
0 0.66259765625 0.291015625 0.0595703125 0.0400390625
0 0.594482421875 0.3173828125 0.06396484375 0.0517578125
0 0.89794921875 0.08740234375 0.0869140625 0.0751953125
0 0.8740234375 0.134521484375 0.1025390625 0.07177734375
0 0.705322265625 0.255615234375 0.10693359375 0.06396484375
0 0.77685546875 0.2236328125 0.0791015625 0.0908203125
0 0.90478515625 0.18212890625 0.0830078125 0.0400390625
0 0.456298828125 0.262451171875 0.05908203125 0.06298828125
0 0.495361328125 0.242431640625 0.06982421875 0.06787109375
0 0.44873046875 0.33544921875 0.0615234375 0.0830078125
0 0.626953125 0.4208984375 0.0703125 0.0732421875
0 0.6953125 0.576171875 0.07421875 0.0576171875
0 0.5546875 0.630859375 0.0712890625 0.0693359375
0 0.750244140625 0.609619140625 0.05224609375 0.07861328125
0 0.402099609375 0.562744140625 0.06494140625 0.05908203125
0 0.419677734375 0.614990234375 0.05322265625 0.05029296875
0 0.30029296875 0.6337890625 0.0537109375 0.0458984375
0 0.310791015625 0.490234375 0.06787109375 0.0947265625
0 0.36181640625 0.449951171875 0.0908203125 0.05419921875
0 0.376220703125 0.478515625 0.08251953125 0.0400390625
0 0.099853515625 0.470947265625 0.08154296875 0.08447265625
0 0.0283203125 0.5673828125 0.056640625 0.078125
0 0.075927734375 0.609130859375 0.05517578125 0.06201171875
0 0.065673828125 0.696533203125 0.07373046875 0.06396484375
0 0.14111328125 0.609130859375 0.0810546875 0.08447265625
0 0.02685546875 0.82373046875 0.0537109375 0.046875
0 0.44873046875 0.81298828125 0.0693359375 0.0712890625
0 0.676513671875 0.860595703125 0.08251953125 0.06591796875
0 0.578369140625 0.927978515625 0.08544921875 0.06591796875
0 0.639404296875 0.912109375 0.05322265625 0.046875
0 0.857421875 0.916259765625 0.0771484375 0.08251953125
0 0.94921875 0.833251953125 0.0732421875 0.08056640625
0 0.939453125 0.962646484375 0.0830078125 0.04443359375
0 0.888916015625 0.98974609375 0.04833984375 0.01953125
0 0.7470703125 0.9755859375 0.046875 0.0478515625
0 0.9306640625 0.714111328125 0.0634765625 0.06884765625
0 0.973388671875 0.735107421875 0.05224609375 0.08642578125
0 0.8525390625 0.75048828125 0.08203125 0.111328125
0 0.9599609375 0.642578125 0.0791015625 0.091796875
0 0.816162109375 0.65869140625 0.09814453125 0.095703125
0 0.788818359375 0.72509765625 0.07763671875 0.0703125
0 0.674072265625 0.74658203125 0.04248046875 0.05078125
0 0.612060546875 0.771728515625 0.07080078125 0.04248046875
0 0.96826171875 0.024169921875 0.0625 0.04833984375
0 0.758056640625 0.011474609375 0.03955078125 0.02294921875
0 0.808349609375 0.041015625 0.06787109375 0.08203125
0 0.649169921875 0.030517578125 0.09619140625 0.06103515625
0 0.558349609375 0.361083984375 0.07861328125 0.07373046875
0 0.551025390625 0.981689453125 0.08447265625 0.03564453125
0 0.977294921875 0.5537109375 0.04443359375 0.0615234375
0 0.916748046875 0.5205078125 0.05224609375 0.033203125
0 0.904052734375 0.60791015625 0.05712890625 0.0400390625
0 0.88623046875 0.55859375 0.0458984375 0.0634765625
0 0.9658203125 0.4775390625 0.0478515625 0.0625
0 0.862548828125 0.46240234375 0.03955078125 0.0322265625
0 0.843017578125 0.576171875 0.08642578125 0.076171875
0 0.94775390625 0.2607421875 0.0439453125 0.048828125
0 0.92431640625 0.279296875 0.0498046875 0.068359375
0 0.8388671875 0.261474609375 0.0712890625 0.05712890625
0 0.237060546875 0.497802734375 0.10302734375 0.08447265625
0 0.31201171875 0.893798828125 0.060546875 0.07763671875
0 0.158203125 0.85986328125 0.0625 0.0634765625
0 0.398193359375 0.9453125 0.11181640625 0.1083984375
0 0.248779296875 0.597900390625 0.06298828125 0.09814453125
0 0.184814453125 0.573486328125 0.08642578125 0.07568359375
0 0.026611328125 0.23291015625 0.05322265625 0.0859375
0 0.241943359375 0.12646484375 0.09521484375 0.0712890625
0 0.5361328125 0.216552734375 0.0556640625 0.07958984375
0 0.627685546875 0.202880859375 0.06787109375 0.07275390625
0 0.6494140625 0.35302734375 0.0859375 0.0927734375
0 0.970458984375 0.2490234375 0.05810546875 0.0546875
0 0.77392578125 0.057861328125 0.052734375 0.05810546875
0 0.711669921875 0.0986328125 0.12939453125 0.0751953125
0 0.5244140625 0.4853515625 0.05078125 0.0615234375
0 0.5576171875 0.462890625 0.0712890625 0.1337890625
0 0.61962890625 0.492431640625 0.0771484375 0.07080078125
0 0.72900390625 0.496337890625 0.078125 0.09912109375
0 0.616455078125 0.657470703125 0.08056640625 0.07470703125
0 0.73095703125 0.714111328125 0.0556640625 0.04345703125
0 0.4404296875 0.57861328125 0.056640625 0.0576171875
0 0.483642578125 0.625 0.06884765625 0.064453125
0 0.37255859375 0.53076171875 0.0625 0.068359375
0 0.061279296875 0.37548828125 0.08544921875 0.0458984375
0 0.167724609375 0.686767578125 0.06298828125 0.09521484375
0 0.819091796875 0.866943359375 0.07470703125 0.07763671875
0 0.631103515625 0.964599609375 0.07763671875 0.06982421875
0 0.881103515625 0.669677734375 0.05126953125 0.04443359375
0 0.72900390625 0.671630859375 0.0517578125 0.04638671875
0 0.925048828125 0.565673828125 0.04638671875 0.05712890625
0 0.829833984375 0.470703125 0.03369140625 0.048828125
0 0.923095703125 0.469482421875 0.05615234375 0.07568359375
0 0.783203125 0.29931640625 0.0322265625 0.0615234375
0 0.82373046875 0.324951171875 0.0654296875 0.06005859375
0 0.75341796875 0.360107421875 0.05078125 0.06591796875
0 0.959228515625 0.516357421875 0.03564453125 0.04248046875
0 0.219970703125 0.669921875 0.06689453125 0.109375
0 0.066650390625 0.783935546875 0.05517578125 0.05712890625
0 0.02880859375 0.7861328125 0.0576171875 0.0517578125
0 0.043212890625 0.484619140625 0.07470703125 0.06689453125
0 0.029296875 0.332275390625 0.05859375 0.06884765625
0 0.376708984375 0.3740234375 0.06298828125 0.0654296875
0 0.048828125 0.2666015625 0.0849609375 0.05859375
0 0.075927734375 0.306640625 0.09716796875 0.068359375
0 0.0986328125 0.28662109375 0.0703125 0.0703125
0 0.145751953125 0.252685546875 0.08251953125 0.08154296875
0 0.0673828125 0.20458984375 0.056640625 0.0654296875
0 0.300537109375 0.13037109375 0.05322265625 0.0947265625
0 0.522216796875 0.168212890625 0.05029296875 0.04052734375
0 0.67333984375 0.143310546875 0.0791015625 0.09228515625
0 0.484130859375 0.286865234375 0.04541015625 0.04833984375
0 0.57666015625 0.220947265625 0.0712890625 0.04931640625
0 0.58447265625 0.2666015625 0.083984375 0.060546875
0 0.4931640625 0.423095703125 0.0712890625 0.06591796875
0 0.89990234375 0.225830078125 0.083984375 0.06494140625
0 0.94775390625 0.356201171875 0.0869140625 0.07958984375
0 0.495361328125 0.3369140625 0.05419921875 0.056640625
0 0.5283203125 0.291015625 0.0732421875 0.07421875
0 0.422119140625 0.50048828125 0.05126953125 0.064453125
0 0.6787109375 0.475830078125 0.0595703125 0.06689453125
0 0.596435546875 0.555908203125 0.07861328125 0.06884765625
0 0.468017578125 0.650390625 0.05322265625 0.0380859375
0 0.467529296875 0.545654296875 0.08251953125 0.05712890625
0 0.515625 0.57861328125 0.1015625 0.0595703125
0 0.5166015625 0.52978515625 0.044921875 0.041015625
0 0.2890625 0.581787109375 0.068359375 0.07763671875
0 0.369140625 0.604736328125 0.064453125 0.07275390625
0 0.0302734375 0.4375 0.060546875 0.052734375
0 0.051513671875 0.63427734375 0.10302734375 0.087890625
0 0.65625 0.798095703125 0.0927734375 0.07861328125
0 0.76416015625 0.81982421875 0.1015625 0.1025390625
0 0.692626953125 0.984375 0.09130859375 0.0302734375
0 0.737548828125 0.928466796875 0.06005859375 0.06201171875
0 0.873291015625 0.927734375 0.05810546875 0.0478515625
0 0.964111328125 0.889404296875 0.06396484375 0.10595703125
0 0.916015625 0.841552734375 0.0419921875 0.04052734375
0 0.94580078125 0.991943359375 0.0771484375 0.01513671875
0 0.713134765625 0.740234375 0.11083984375 0.1171875
0 0.87353515625 0.399169921875 0.0849609375 0.10498046875
0 0.878662109375 0.304931640625 0.08056640625 0.08251953125
0 0.839599609375 0.021240234375 0.07470703125 0.04248046875
0 0.84033203125 0.5087890625 0.0556640625 0.0439453125
0 0.802978515625 0.62548828125 0.05712890625 0.0703125
0 0.887939453125 0.50048828125 0.06689453125 0.0634765625
0 0.98095703125 0.45654296875 0.037109375 0.05078125
0 0.163818359375 0.44873046875 0.08349609375 0.060546875
0 0.687255859375 0.428466796875 0.04736328125 0.05322265625
0 0.39111328125 0.02099609375 0.095703125 0.0419921875
0 0.458251953125 0.697998046875 0.07177734375 0.06005859375
0 0.695068359375 0.913330078125 0.05224609375 0.04345703125
0 0.813720703125 0.974365234375 0.06689453125 0.05029296875
0 0.330078125 0.837890625 0.0869140625 0.052734375
0 0.428955078125 0.890625 0.07958984375 0.09765625
0 0.106689453125 0.824951171875 0.03759765625 0.04150390625
0 0.10546875 0.898681640625 0.087890625 0.06005859375
0 0.417724609375 0.7666015625 0.04052734375 0.04296875
0 0.4072265625 0.421630859375 0.0419921875 0.07275390625
0 0.72607421875 0.321533203125 0.078125 0.07861328125
0 0.622802734375 0.589599609375 0.10302734375 0.06689453125
0 0.1494140625 0.108642578125 0.1025390625 0.08935546875
