0 0.106201171875 0.169921875 0.05810546875 0.0390625
0 0.196044921875 0.08544921875 0.08056640625 0.0712890625
0 0.170654296875 0.136474609375 0.08642578125 0.06982421875
0 0.045166015625 0.135009765625 0.07763671875 0.10791015625
0 0.151611328125 0.315673828125 0.10302734375 0.10400390625
0 0.054931640625 0.662841796875 0.05126953125 0.07958984375
0 0.14306640625 0.70654296875 0.0458984375 0.05859375
0 0.371337890625 0.755859375 0.07666015625 0.0791015625
0 0.035400390625 0.818359375 0.07080078125 0.0947265625
0 0.222900390625 0.81005859375 0.05908203125 0.076171875
0 0.235595703125 0.146728515625 0.07373046875 0.08056640625
0 0.21728515625 0.20068359375 0.0517578125 0.046875
0 0.188720703125 0.176025390625 0.03759765625 0.03662109375
0 0.392578125 0.2685546875 0.1015625 0.1025390625
0 0.34228515625 0.12158203125 0.0322265625 0.0302734375
0 0.362060546875 0.085205078125 0.06591796875 0.07958984375
0 0.54150390625 0.028076171875 0.0791015625 0.05615234375
0 0.531494140625 0.119140625 0.09228515625 0.0615234375
0 0.6611328125 0.188720703125 0.0947265625 0.08056640625
0 0.5771484375 0.189208984375 0.0830078125 0.11474609375
0 0.616943359375 0.12548828125 0.05419921875 0.0625
0 0.775634765625 0.061767578125 0.08447265625 0.08056640625
0 0.76171875 0.173583984375 0.0859375 0.08740234375
0 0.79248046875 0.12646484375 0.0546875 0.052734375
0 0.836181640625 0.093994140625 0.08447265625 0.08251953125
0 0.823974609375 0.16943359375 0.06591796875 0.0947265625
0 0.925537109375 0.134033203125 0.08935546875 0.10595703125
0 0.974609375 0.1162109375 0.0498046875 0.0859375
0 0.892333984375 0.154296875 0.05224609375 0.0390625
0 0.890380859375 0.19091796875 0.06103515625 0.0576171875
0 0.792236328125 0.225341796875 0.07177734375 0.06298828125
0 0.7626953125 0.28125 0.0908203125 0.08203125
0 0.83642578125 0.26123046875 0.068359375 0.0712890625
0 0.965087890625 0.26806640625 0.06884765625 0.0751953125
0 0.93798828125 0.337158203125 0.0498046875 0.06396484375
0 0.958740234375 0.313720703125 0.04248046875 0.03369140625
0 0.900146484375 0.3798828125 0.06591796875 0.0576171875
0 0.851806640625 0.295166015625 0.07080078125 0.05126953125
0 0.970458984375 0.45556640625 0.05810546875 0.0673828125
0 0.7646484375 0.45458984375 0.091796875 0.07421875
0 0.746826171875 0.40234375 0.04443359375 0.0556640625
0 0.962890625 0.642333984375 0.0732421875 0.08740234375
0 0.869140625 0.624755859375 0.091796875 0.07568359375
0 0.8828125 0.559814453125 0.044921875 0.05126953125
0 0.840576171875 0.550048828125 0.05029296875 0.04443359375
0 0.843994140625 0.728759765625 0.07861328125 0.12158203125
0 0.80908203125 0.703369140625 0.0703125 0.06494140625
0 0.777587890625 0.718505859375 0.05908203125 0.05615234375
0 0.784423828125 0.76904296875 0.10888671875 0.06640625
0 0.982177734375 0.755859375 0.03466796875 0.0693359375
0 0.953369140625 0.792236328125 0.06201171875 0.06689453125
0 0.983154296875 0.84228515625 0.03271484375 0.0595703125
0 0.962890625 0.861083984375 0.0673828125 0.07763671875
0 0.878173828125 0.828125 0.09814453125 0.1162109375
0 0.94189453125 0.889404296875 0.041015625 0.06787109375
0 0.7890625 0.834716796875 0.1123046875 0.08935546875
0 0.914306640625 0.94140625 0.06103515625 0.05078125
0 0.83642578125 0.974609375 0.0615234375 0.0498046875
0 0.781494140625 0.982177734375 0.06884765625 0.03466796875
0 0.58837890625 0.982421875 0.0693359375 0.0341796875
0 0.696533203125 0.893798828125 0.13623046875 0.13720703125
0 0.730712890625 0.73193359375 0.05322265625 0.10546875
0 0.65234375 0.767822265625 0.0859375 0.12353515625
0 0.512451171875 0.7822265625 0.06982421875 0.0732421875
0 0.665771484375 0.67041015625 0.09619140625 0.0732421875
0 0.580322265625 0.775390625 0.08251953125 0.0830078125
0 0.580322265625 0.71630859375 0.03173828125 0.025390625
0 0.60400390625 0.738525390625 0.0361328125 0.02783203125
0 0.607177734375 0.7177734375 0.02490234375 0.0224609375
0 0.6181640625 0.58642578125 0.076171875 0.056640625
0 0.62060546875 0.62646484375 0.06640625 0.0537109375
0 0.573486328125 0.47021484375 0.07080078125 0.05078125
0 0.658203125 0.4892578125 0.1025390625 0.0771484375
0 0.56640625 0.642333984375 0.07421875 0.10888671875
0 0.530517578125 0.602294921875 0.03955078125 0.04443359375
0 0.58056640625 0.4267578125 0.072265625 0.044921875
0 0.593017578125 0.316650390625 0.06201171875 0.08447265625
0 0.534423828125 0.325439453125 0.05908203125 0.10986328125
0 0.569091796875 0.374267578125 0.06591796875 0.07275390625
0 0.615234375 0.2568359375 0.0703125 0.072265625
0 0.21728515625 0.5927734375 0.0546875 0.1025390625
0 0.235107421875 0.663818359375 0.10302734375 0.08251953125
0 0.295166015625 0.615234375 0.05322265625 0.0732421875
0 0.315185546875 0.656005859375 0.06787109375 0.07666015625
0 0.27880859375 0.565185546875 0.0751953125 0.04833984375
0 0.25390625 0.610107421875 0.041015625 0.04638671875
0 0.4580078125 0.740478515625 0.0478515625 0.04931640625
0 0.4189453125 0.718994140625 0.08203125 0.06689453125
0 0.06640625 0.940185546875 0.0830078125 0.11865234375
0 0.134521484375 0.850341796875 0.06787109375 0.06689453125
0 0.3681640625 0.813720703125 0.1064453125 0.08642578125
0 0.476318359375 0.92138671875 0.08935546875 0.1103515625
0 0.438232421875 0.981689453125 0.03564453125 0.03564453125
0 0.3623046875 0.06494140625 0.03125 0.0517578125
0 0.08447265625 0.098388671875 0.07421875 0.07568359375
0 0.112060546875 0.055908203125 0.09228515625 0.07861328125
0 0.036376953125 0.219970703125 0.07275390625 0.07373046875
0 0.122802734375 0.263427734375 0.05322265625 0.04345703125
0 0.031982421875 0.5478515625 0.05224609375 0.068359375
0 0.130615234375 0.611572265625 0.05712890625 0.09814453125
0 0.169921875 0.6298828125 0.0556640625 0.0546875
0 0.159912109375 0.67138671875 0.05810546875 0.072265625
0 0.182373046875 0.744140625 0.10888671875 0.0947265625
0 0.08203125 0.830810546875 0.0888671875 0.10595703125
0 0.308837890625 0.16455078125 0.09228515625 0.087890625
0 0.51953125 0.182861328125 0.052734375 0.07275390625
0 0.7353515625 0.120361328125 0.0576171875 0.04150390625
0 0.674560546875 0.142822265625 0.09033203125 0.05517578125
0 0.86328125 0.046630859375 0.09765625 0.09326171875
0 0.871826171875 0.237060546875 0.04833984375 0.05224609375
0 0.77880859375 0.3505859375 0.087890625 0.08984375
0 0.932373046875 0.623779296875 0.03662109375 0.03857421875
0 0.736083984375 0.558837890625 0.07958984375 0.08154296875
0 0.8515625 0.940185546875 0.0634765625 0.05810546875
0 0.91748046875 0.888427734375 0.0634765625 0.08837890625
0 0.60888671875 0.947509765625 0.099609375 0.08447265625
0 0.71142578125 0.752685546875 0.03515625 0.05126953125
0 0.696044921875 0.789306640625 0.03369140625 0.04931640625
0 0.674072265625 0.570556640625 0.05908203125 0.06396484375
0 0.639404296875 0.5205078125 0.08154296875 0.080078125
0 0.644287109375 0.359130859375 0.06201171875 0.02880859375
0 0.244384765625 0.522216796875 0.07275390625 0.06787109375
0 0.1611328125 0.9775390625 0.04296875 0.0341796875
0 0.422119140625 0.892578125 0.04736328125 0.080078125
0 0.3544921875 0.888427734375 0.10546875 0.08154296875
0 0.787841796875 0.941650390625 0.06103515625 0.07080078125
0 0.075927734375 0.029052734375 0.06689453125 0.04345703125
0 0.087158203125 0.140625 0.04345703125 0.0244140625
0 0.118408203125 0.201904296875 0.04345703125 0.06005859375
0 0.143798828125 0.23095703125 0.07470703125 0.048828125
0 0.067626953125 0.290771484375 0.08837890625 0.12255859375
0 0.05517578125 0.59130859375 0.0517578125 0.0791015625
0 0.099609375 0.59814453125 0.087890625 0.1181640625
0 0.018798828125 0.668212890625 0.03759765625 0.06689453125
0 0.10546875 0.66259765625 0.05859375 0.087890625
0 0.08056640625 0.724365234375 0.080078125 0.08056640625
0 0.120361328125 0.74560546875 0.03662109375 0.0537109375
0 0.22705078125 0.75732421875 0.0380859375 0.0634765625
0 0.25537109375 0.774169921875 0.0390625 0.05810546875
0 0.328125 0.728271484375 0.025390625 0.03076171875
0 0.165283203125 0.81787109375 0.08154296875 0.078125
0 0.226318359375 0.03173828125 0.08251953125 0.0634765625
0 0.346435546875 0.209716796875 0.06884765625 0.08251953125
0 0.39013671875 0.219970703125 0.05078125 0.06689453125
0 0.310546875 0.103515625 0.0478515625 0.0478515625
0 0.28955078125 0.04150390625 0.060546875 0.0830078125
0 0.322998046875 0.041748046875 0.02685546875 0.05029296875
0 0.473388671875 0.039794921875 0.06201171875 0.07958984375
0 0.52734375 0.059814453125 0.0703125 0.08642578125
0 0.605712890625 0.015869140625 0.06201171875 0.03173828125
0 0.642333984375 0.221435546875 0.03271484375 0.03662109375
0 0.457763671875 0.22900390625 0.07470703125 0.0888671875
0 0.557861328125 0.262451171875 0.06396484375 0.06591796875
0 0.660400390625 0.04345703125 0.10791015625 0.0869140625
0 0.717529296875 0.032958984375 0.04443359375 0.04541015625
0 0.8984375 0.032958984375 0.0400390625 0.05615234375
0 0.946044921875 0.0283203125 0.05810546875 0.048828125
0 0.983154296875 0.031494140625 0.03271484375 0.06298828125
0 0.981689453125 0.197998046875 0.03564453125 0.08154296875
0 0.846435546875 0.334716796875 0.03662109375 0.03955078125
0 0.897705078125 0.316650390625 0.07275390625 0.08935546875
0 0.872314453125 0.13427734375 0.03955078125 0.0361328125
0 0.847412109375 0.20703125 0.03955078125 0.05859375
0 0.841064453125 0.393798828125 0.07080078125 0.06982421875
0 0.896484375 0.44921875 0.078125 0.068359375
0 0.831787109375 0.45263671875 0.05810546875 0.05859375
0 0.79931640625 0.51171875 0.0673828125 0.0693359375
0 0.964111328125 0.5634765625 0.07080078125 0.0908203125
0 0.968994140625 0.67431640625 0.04150390625 0.0361328125
0 0.91796875 0.575927734375 0.0400390625 0.06298828125
0 0.83203125 0.583984375 0.076171875 0.0546875
0 0.75048828125 0.65576171875 0.08203125 0.078125
0 0.801513671875 0.607177734375 0.04638671875 0.04833984375
0 0.82958984375 0.654052734375 0.083984375 0.05224609375
0 0.744384765625 0.602294921875 0.07666015625 0.05419921875
0 0.904052734375 0.709228515625 0.08154296875 0.08056640625
0 0.896728515625 0.760009765625 0.05908203125 0.06103515625
0 0.861328125 0.7646484375 0.0380859375 0.03515625
0 0.764892578125 0.736083984375 0.03759765625 0.06005859375
0 0.783935546875 0.805908203125 0.04052734375 0.05322265625
0 0.880615234375 0.90869140625 0.03857421875 0.03125
0 0.860107421875 0.891357421875 0.05224609375 0.04345703125
0 0.968505859375 0.9794921875 0.06201171875 0.0400390625
0 0.66943359375 0.833251953125 0.0341796875 0.03271484375
0 0.705810546875 0.890869140625 0.03271484375 0.03955078125
0 0.6181640625 0.913818359375 0.0966796875 0.07763671875
0 0.59814453125 0.848388671875 0.1025390625 0.08154296875
0 0.573974609375 0.803466796875 0.05908203125 0.05810546875
0 0.58642578125 0.681396484375 0.0712890625 0.06005859375
0 0.666748046875 0.618896484375 0.04248046875 0.05224609375
0 0.70703125 0.690673828125 0.04296875 0.04248046875
0 0.564208984375 0.5849609375 0.06494140625 0.0546875
0 0.69970703125 0.619873046875 0.029296875 0.06103515625
0 0.691162109375 0.439697265625 0.05126953125 0.03271484375
0 0.65234375 0.401123046875 0.115234375 0.06591796875
0 0.62939453125 0.447265625 0.04296875 0.033203125
0 0.644287109375 0.32177734375 0.04833984375 0.05078125
0 0.677734375 0.26123046875 0.0712890625 0.07421875
0 0.691650390625 0.558349609375 0.02392578125 0.02294921875
0 0.427001953125 0.64892578125 0.06103515625 0.02734375
0 0.49658203125 0.570556640625 0.0537109375 0.05712890625
0 0.418701171875 0.623046875 0.03466796875 0.029296875
0 0.137451171875 0.9052734375 0.05322265625 0.078125
0 0.181396484375 0.948486328125 0.07177734375 0.04638671875
0 0.1796875 0.892578125 0.0517578125 0.0732421875
0 0.116455078125 0.925048828125 0.06103515625 0.14892578125
0 0.25830078125 0.935791015625 0.0830078125 0.07275390625
0 0.358154296875 0.960205078125 0.10595703125 0.07763671875
0 0.501220703125 0.9775390625 0.04736328125 0.0439453125
0 0.52392578125 0.941650390625 0.0576171875 0.05126953125
0 0.370849609375 0.918701171875 0.05029296875 0.03466796875
0 0.395751953125 0.410400390625 0.02783203125 0.02880859375
0 0.22802734375 0.878662109375 0.08203125 0.09228515625
0 0.938720703125 0.211181640625 0.06103515625 0.07080078125
0 0.9111328125 0.24267578125 0.0615234375 0.0517578125
0 0.727294921875 0.222900390625 0.08935546875 0.07666015625
0 0.949462890625 0.4150390625 0.04541015625 0.044921875
0 0.97509765625 0.383544921875 0.048828125 0.10498046875
0 0.903564453125 0.51171875 0.08837890625 0.0810546875
0 0.967529296875 0.938720703125 0.06396484375 0.05322265625
0 0.6435546875 0.70263671875 0.052734375 0.0791015625
0 0.702880859375 0.33349609375 0.07763671875 0.0703125
0 0.477294921875 0.309326171875 0.08935546875 0.08935546875
0 0.24267578125 0.975341796875 0.072265625 0.04833984375
0 0.435302734375 0.952880859375 0.07470703125 0.05810546875
0 0.023681640625 0.917724609375 0.04736328125 0.06982421875
