0 0.07373046875 0.020263671875 0.064453125 0.04052734375
0 0.156982421875 0.01123046875 0.03173828125 0.0224609375
0 0.1953125 0.48974609375 0.0244140625 0.04296875
0 0.038330078125 0.678955078125 0.06787109375 0.06103515625
0 0.051513671875 0.71923828125 0.08740234375 0.0458984375
0 0.25146484375 0.148193359375 0.03515625 0.03369140625
0 0.28125 0.148681640625 0.0283203125 0.03466796875
0 0.250244140625 0.180908203125 0.02880859375 0.03369140625
0 0.676513671875 0.0732421875 0.02880859375 0.0234375
0 0.7607421875 0.08642578125 0.0283203125 0.0322265625
0 0.77294921875 0.1083984375 0.04296875 0.0302734375
0 0.806640625 0.095703125 0.0419921875 0.033203125
0 0.96240234375 0.24560546875 0.0400390625 0.0400390625
0 0.75146484375 0.293701171875 0.0283203125 0.03173828125
0 0.739013671875 0.239501953125 0.04052734375 0.03076171875
0 0.68994140625 0.250732421875 0.0234375 0.02978515625
0 0.673828125 0.272705078125 0.03125 0.03369140625
0 0.694580078125 0.272216796875 0.01904296875 0.03662109375
0 0.70703125 0.27392578125 0.0234375 0.0361328125
0 0.440185546875 0.64404296875 0.03173828125 0.029296875
0 0.781005859375 0.423583984375 0.02978515625 0.02392578125
0 0.785888671875 0.401123046875 0.02099609375 0.02294921875
0 0.621826171875 0.6337890625 0.03466796875 0.037109375
0 0.764892578125 0.876708984375 0.05322265625 0.06201171875
0 0.839111328125 0.791259765625 0.02978515625 0.02880859375
0 0.127685546875 0.03369140625 0.08935546875 0.06640625
0 0.039306640625 0.134765625 0.07861328125 0.048828125
0 0.16845703125 0.170654296875 0.0732421875 0.10205078125
0 0.156982421875 0.255126953125 0.04052734375 0.04150390625
0 0.165771484375 0.3544921875 0.04443359375 0.0322265625
0 0.120361328125 0.394775390625 0.07470703125 0.07568359375
0 0.11962890625 0.46630859375 0.02734375 0.0244140625
0 0.037841796875 0.47705078125 0.04638671875 0.033203125
0 0.040771484375 0.51171875 0.04150390625 0.0390625
0 0.18115234375 0.458251953125 0.025390625 0.02880859375
0 0.211181640625 0.355224609375 0.05029296875 0.05126953125
0 0.182861328125 0.328369140625 0.07177734375 0.04638671875
0 0.32568359375 0.30029296875 0.0556640625 0.078125
0 0.276123046875 0.4453125 0.04833984375 0.0791015625
0 0.165771484375 0.628173828125 0.08740234375 0.05322265625
0 0.10107421875 0.53759765625 0.076171875 0.0712890625
0 0.055908203125 0.574462890625 0.05712890625 0.06591796875
0 0.03076171875 0.6123046875 0.0615234375 0.07421875
0 0.079833984375 0.65625 0.03564453125 0.04296875
0 0.01513671875 0.671630859375 0.0302734375 0.07861328125
0 0.121826171875 0.73681640625 0.05126953125 0.048828125
0 0.069091796875 0.828125 0.06201171875 0.0634765625
0 0.09033203125 0.87646484375 0.0615234375 0.052734375
0 0.0703125 0.944580078125 0.0380859375 0.07470703125
0 0.097900390625 0.975341796875 0.05224609375 0.04833984375
0 0.13623046875 0.922607421875 0.0439453125 0.06689453125
0 0.166015625 0.963623046875 0.0380859375 0.03759765625
0 0.19677734375 0.95947265625 0.037109375 0.037109375
0 0.181884765625 0.911865234375 0.04345703125 0.03076171875
0 0.232177734375 0.973876953125 0.07861328125 0.05126953125
0 0.20703125 0.93505859375 0.0615234375 0.0517578125
0 0.18212890625 0.8740234375 0.0498046875 0.05078125
0 0.221923828125 0.890625 0.04443359375 0.0673828125
0 0.1796875 0.83203125 0.0361328125 0.0439453125
0 0.147216796875 0.857421875 0.04833984375 0.060546875
0 0.216552734375 0.6259765625 0.04052734375 0.041015625
0 0.276611328125 0.632080078125 0.05712890625 0.10400390625
0 0.32861328125 0.667724609375 0.0419921875 0.04736328125
0 0.230224609375 0.583740234375 0.06787109375 0.05908203125
0 0.30029296875 0.528076171875 0.0966796875 0.09716796875
0 0.408935546875 0.353759765625 0.06103515625 0.06005859375
0 0.4697265625 0.3427734375 0.0634765625 0.0732421875
0 0.5166015625 0.34619140625 0.033203125 0.0380859375
0 0.520751953125 0.466796875 0.04150390625 0.0908203125
0 0.21484375 0.054931640625 0.056640625 0.03857421875
0 0.302490234375 0.037841796875 0.06103515625 0.05224609375
0 0.31982421875 0.008544921875 0.064453125 0.01708984375
0 0.21337890625 0.10498046875 0.0830078125 0.087890625
0 0.26708984375 0.10595703125 0.0703125 0.0849609375
0 0.265625 0.262939453125 0.064453125 0.07177734375
0 0.375 0.2998046875 0.0673828125 0.064453125
0 0.363525390625 0.253173828125 0.06787109375 0.03857421875
0 0.33349609375 0.275390625 0.0400390625 0.05859375
0 0.37060546875 0.195068359375 0.05859375 0.07177734375
0 0.40966796875 0.17431640625 0.029296875 0.046875
0 0.332763671875 0.13671875 0.07373046875 0.0771484375
0 0.384521484375 0.0380859375 0.08349609375 0.048828125
0 0.448974609375 0.112060546875 0.05810546875 0.06005859375
0 0.39208984375 0.013427734375 0.0634765625 0.02685546875
0 0.5087890625 0.026123046875 0.0703125 0.05224609375
0 0.52734375 0.074462890625 0.08984375 0.07666015625
0 0.51904296875 0.109375 0.0673828125 0.0771484375
0 0.610107421875 0.111572265625 0.07861328125 0.06884765625
0 0.60009765625 0.185302734375 0.056640625 0.05029296875
0 0.795654296875 0.134765625 0.06982421875 0.0517578125
0 0.86083984375 0.099853515625 0.04296875 0.05126953125
0 0.927490234375 0.070556640625 0.06396484375 0.04541015625
0 0.97314453125 0.111328125 0.052734375 0.068359375
0 0.900634765625 0.12890625 0.05712890625 0.06640625
0 0.897216796875 0.244384765625 0.04150390625 0.03662109375
0 0.958984375 0.26416015625 0.0751953125 0.0615234375
0 0.8642578125 0.315673828125 0.04296875 0.04736328125
0 0.8076171875 0.304443359375 0.044921875 0.05029296875
0 0.8310546875 0.337890625 0.0732421875 0.0771484375
0 0.9267578125 0.353271484375 0.0625 0.07373046875
0 0.674072265625 0.24072265625 0.02685546875 0.0380859375
0 0.754638671875 0.26611328125 0.03173828125 0.0361328125
0 0.7275390625 0.281005859375 0.0224609375 0.02294921875
0 0.765869140625 0.328369140625 0.05126953125 0.08056640625
0 0.68798828125 0.357666015625 0.046875 0.07666015625
0 0.628173828125 0.331787109375 0.07666015625 0.09033203125
0 0.5625 0.344482421875 0.0576171875 0.06884765625
0 0.44580078125 0.237548828125 0.1025390625 0.08740234375
0 0.393798828125 0.8212890625 0.04345703125 0.0478515625
0 0.8134765625 0.40380859375 0.048828125 0.064453125
0 0.777099609375 0.387451171875 0.05517578125 0.05322265625
0 0.748046875 0.622314453125 0.048828125 0.05029296875
0 0.630126953125 0.61328125 0.04541015625 0.0380859375
0 0.6162109375 0.53662109375 0.0439453125 0.0380859375
0 0.702880859375 0.55029296875 0.04931640625 0.0419921875
0 0.613525390625 0.459228515625 0.06298828125 0.06494140625
0 0.598876953125 0.4208984375 0.04052734375 0.0546875
0 0.54345703125 0.39892578125 0.060546875 0.064453125
0 0.51953125 0.69873046875 0.0712890625 0.0771484375
0 0.592529296875 0.7333984375 0.06982421875 0.0830078125
0 0.483642578125 0.8935546875 0.02880859375 0.02734375
0 0.50927734375 0.88818359375 0.029296875 0.0302734375
0 0.62158203125 0.8359375 0.0693359375 0.07421875
0 0.706298828125 0.75634765625 0.04931640625 0.0498046875
0 0.485595703125 0.85302734375 0.14794921875 0.0927734375
0 0.333984375 0.943359375 0.0791015625 0.0478515625
0 0.38330078125 0.91650390625 0.056640625 0.0673828125
0 0.424560546875 0.97265625 0.09228515625 0.0537109375
0 0.44677734375 0.933349609375 0.0810546875 0.09033203125
0 0.345947265625 0.974609375 0.06591796875 0.0498046875
0 0.361572265625 0.990478515625 0.04150390625 0.01806640625
0 0.5205078125 0.951904296875 0.060546875 0.08056640625
0 0.514892578125 0.99365234375 0.04443359375 0.01171875
0 0.568115234375 0.955322265625 0.09521484375 0.08837890625
0 0.594970703125 0.883056640625 0.08349609375 0.08935546875
0 0.631591796875 0.95263671875 0.08251953125 0.080078125
0 0.716796875 0.9619140625 0.08203125 0.0625
0 0.823486328125 0.9453125 0.07861328125 0.076171875
0 0.67333984375 0.831298828125 0.0625 0.05908203125
0 0.876953125 0.910400390625 0.0439453125 0.04052734375
0 0.957763671875 0.739990234375 0.07666015625 0.07958984375
0 0.9716796875 0.784423828125 0.0556640625 0.07080078125
0 0.91943359375 0.7822265625 0.05859375 0.076171875
0 0.8759765625 0.796142578125 0.056640625 0.05615234375
0 0.0263671875 0.029541015625 0.052734375 0.05908203125
0 0.127685546875 0.080078125 0.05029296875 0.046875
0 0.102294921875 0.095947265625 0.03564453125 0.02978515625
0 0.171142578125 0.077880859375 0.04443359375 0.04931640625
0 0.154541015625 0.1123046875 0.03369140625 0.0361328125
0 0.120849609375 0.124267578125 0.04931640625 0.04541015625
0 0.081787109375 0.1416015625 0.03857421875 0.0439453125
0 0.08203125 0.174072265625 0.0244140625 0.02490234375
0 0.0576171875 0.15673828125 0.029296875 0.025390625
0 0.02734375 0.154541015625 0.0341796875 0.03076171875
0 0.052001953125 0.178955078125 0.04443359375 0.03759765625
0 0.02734375 0.189453125 0.037109375 0.0390625
0 0.01318359375 0.18017578125 0.0263671875 0.03515625
0 0.100341796875 0.215087890625 0.09814453125 0.08056640625
0 0.130859375 0.186279296875 0.080078125 0.08837890625
0 0.161865234375 0.174560546875 0.03076171875 0.02587890625
0 0.204345703125 0.230712890625 0.02783203125 0.02685546875
0 0.18359375 0.23974609375 0.01953125 0.0244140625
0 0.033447265625 0.2998046875 0.06689453125 0.0595703125
0 0.1337890625 0.30859375 0.03515625 0.0322265625
0 0.120849609375 0.338623046875 0.05322265625 0.03857421875
0 0.14208984375 0.3310546875 0.0263671875 0.0234375
0 0.053466796875 0.374267578125 0.06201171875 0.08349609375
0 0.025390625 0.4453125 0.05078125 0.0595703125
0 0.087646484375 0.44873046875 0.06396484375 0.0732421875
0 0.0947265625 0.487548828125 0.03125 0.02783203125
0 0.0126953125 0.502197265625 0.025390625 0.06689453125
0 0.076171875 0.504638671875 0.0400390625 0.04541015625
0 0.184326171875 0.396484375 0.07177734375 0.064453125
0 0.217529296875 0.40966796875 0.02001953125 0.01953125
0 0.237548828125 0.402099609375 0.08251953125 0.10205078125
0 0.1982421875 0.2587890625 0.0537109375 0.0361328125
0 0.181884765625 0.291015625 0.07275390625 0.04296875
0 0.23193359375 0.29833984375 0.04296875 0.060546875
0 0.294189453125 0.299072265625 0.03564453125 0.04052734375
0 0.3212890625 0.414794921875 0.083984375 0.06689453125
0 0.364501953125 0.444580078125 0.02587890625 0.03369140625
0 0.2509765625 0.520751953125 0.0400390625 0.02685546875
0 0.15234375 0.561279296875 0.0859375 0.06396484375
0 0.140869140625 0.5947265625 0.02880859375 0.0244140625
0 0.24365234375 0.625244140625 0.02734375 0.03173828125
0 0.0625 0.622314453125 0.0244140625 0.03076171875
0 0.111083984375 0.666015625 0.03271484375 0.0244140625
0 0.1103515625 0.74609375 0.0263671875 0.0263671875
0 0.050048828125 0.7724609375 0.08544921875 0.091796875
0 0.14599609375 0.768310546875 0.0390625 0.05712890625
0 0.1181640625 0.82373046875 0.064453125 0.05859375
0 0.16455078125 0.7939453125 0.0322265625 0.037109375
0 0.11474609375 0.7802734375 0.0537109375 0.0537109375
0 0.02099609375 0.825927734375 0.0419921875 0.05224609375
0 0.033935546875 0.85888671875 0.06201171875 0.052734375
0 0.043212890625 0.927978515625 0.03076171875 0.02880859375
0 0.023681640625 0.954833984375 0.04736328125 0.08154296875
0 0.0498046875 0.984375 0.06640625 0.0302734375
0 0.10693359375 0.9306640625 0.052734375 0.0478515625
0 0.172119140625 0.936279296875 0.02392578125 0.02783203125
0 0.1728515625 0.984619140625 0.0224609375 0.01708984375
0 0.189697265625 0.9873046875 0.03173828125 0.0244140625
0 0.156494140625 0.990478515625 0.02099609375 0.01611328125
0 0.141845703125 0.99462890625 0.02392578125 0.009765625
0 0.161865234375 0.895263671875 0.03369140625 0.03076171875
0 0.25537109375 0.90478515625 0.0244140625 0.0234375
0 0.23876953125 0.874267578125 0.048828125 0.05029296875
0 0.274169921875 0.890869140625 0.03173828125 0.04931640625
0 0.301513671875 0.855712890625 0.06201171875 0.12744140625
0 0.364501953125 0.85595703125 0.08154296875 0.0830078125
0 0.34033203125 0.909912109375 0.0537109375 0.03759765625
0 0.194580078125 0.745849609375 0.07275390625 0.07177734375
0 0.201416015625 0.67529296875 0.02294921875 0.0361328125
0 0.2626953125 0.7236328125 0.0625 0.078125
0 0.342529296875 0.745849609375 0.03076171875 0.03076171875
0 0.30224609375 0.693115234375 0.0205078125 0.02587890625
0 0.246826171875 0.650390625 0.02490234375 0.0244140625
0 0.34765625 0.659912109375 0.0263671875 0.03564453125
0 0.324951171875 0.606689453125 0.06298828125 0.07275390625
0 0.404296875 0.55078125 0.0595703125 0.0498046875
0 0.45751953125 0.47314453125 0.0458984375 0.0947265625
0 0.38818359375 0.438720703125 0.03125 0.02880859375
0 0.414306640625 0.4375 0.02685546875 0.02734375
0 0.417724609375 0.314697265625 0.03857421875 0.04443359375
0 0.529296875 0.373779296875 0.0283203125 0.03271484375
0 0.4765625 0.391357421875 0.0419921875 0.04638671875
0 0.485107421875 0.454833984375 0.03271484375 0.07958984375
0 0.5400390625 0.45263671875 0.0244140625 0.03125
0 0.503662109375 0.402587890625 0.03173828125 0.04345703125
0 0.5625 0.4697265625 0.04296875 0.0673828125
0 0.254638671875 0.023681640625 0.06591796875 0.04736328125
0 0.2177734375 0.008544921875 0.033203125 0.01708984375
0 0.223388671875 0.170166015625 0.05029296875 0.05224609375
0 0.2978515625 0.1845703125 0.064453125 0.0673828125
0 0.266357421875 0.21044921875 0.05029296875 0.04296875
0 0.331298828125 0.217041015625 0.06005859375 0.04833984375
0 0.394775390625 0.125732421875 0.06396484375 0.06201171875
0 0.32373046875 0.069091796875 0.0634765625 0.05029296875
0 0.3681640625 0.07177734375 0.0263671875 0.029296875
0 0.400146484375 0.07763671875 0.03857421875 0.0419921875
0 0.446044921875 0.057373046875 0.06396484375 0.05712890625
0 0.560546875 0.028564453125 0.05078125 0.05712890625
0 0.6318359375 0.048828125 0.126953125 0.09765625
0 0.46923828125 0.159423828125 0.0859375 0.07958984375
0 0.52685546875 0.1455078125 0.052734375 0.0537109375
0 0.53564453125 0.184326171875 0.0546875 0.05712890625
0 0.710205078125 0.19189453125 0.05224609375 0.05078125
0 0.666015625 0.210205078125 0.0751953125 0.06103515625
0 0.66552734375 0.1484375 0.068359375 0.0576171875
0 0.621826171875 0.168212890625 0.12744140625 0.06103515625
0 0.69921875 0.086669921875 0.0673828125 0.08837890625
0 0.833740234375 0.111328125 0.03955078125 0.0400390625
0 0.840087890625 0.070068359375 0.04541015625 0.04150390625
0 0.740234375 0.02392578125 0.056640625 0.0361328125
0 0.78173828125 0.07568359375 0.0390625 0.0361328125
0 0.75244140625 0.062744140625 0.0751953125 0.05126953125
0 0.775146484375 0.02783203125 0.02783203125 0.033203125
0 0.75732421875 0.010498046875 0.03125 0.02099609375
0 0.78662109375 0.0078125 0.0380859375 0.015625
0 0.8740234375 0.033447265625 0.037109375 0.03662109375
0 0.838623046875 0.02587890625 0.04541015625 0.0517578125
0 0.866455078125 0.01025390625 0.03955078125 0.0205078125
0 0.811279296875 0.051025390625 0.06201171875 0.06396484375
0 0.8330078125 0.216796875 0.056640625 0.0595703125
0 0.931640625 0.237548828125 0.02734375 0.02685546875
0 0.909912109375 0.240966796875 0.02001953125 0.02685546875
0 0.7080078125 0.3046875 0.033203125 0.03125
0 0.679931640625 0.29638671875 0.03271484375 0.025390625
0 0.668212890625 0.303955078125 0.04345703125 0.04052734375
0 0.644775390625 0.281494140625 0.03759765625 0.05712890625
0 0.635009765625 0.225341796875 0.03955078125 0.04736328125
0 0.7353515625 0.263427734375 0.0361328125 0.03076171875
0 0.734375 0.2998046875 0.03125 0.044921875
0 0.75830078125 0.30712890625 0.0458984375 0.0341796875
0 0.7314453125 0.362060546875 0.0478515625 0.08544921875
0 0.747802734375 0.39990234375 0.01904296875 0.025390625
0 0.635986328125 0.387451171875 0.05224609375 0.02685546875
0 0.577392578125 0.383056640625 0.02685546875 0.03466796875
0 0.496826171875 0.21337890625 0.07177734375 0.0732421875
0 0.399658203125 0.59130859375 0.09423828125 0.05078125
0 0.3994140625 0.65478515625 0.03125 0.025390625
0 0.421630859375 0.648681640625 0.01123046875 0.01220703125
0 0.535400390625 0.628173828125 0.02294921875 0.02783203125
0 0.544677734375 0.646728515625 0.03759765625 0.05615234375
0 0.52587890625 0.6494140625 0.037109375 0.029296875
0 0.4375 0.69189453125 0.0498046875 0.03515625
0 0.396484375 0.679443359375 0.0576171875 0.04052734375
0 0.448974609375 0.71142578125 0.04736328125 0.029296875
0 0.4892578125 0.718994140625 0.0419921875 0.03662109375
0 0.456298828125 0.66796875 0.04345703125 0.044921875
0 0.37548828125 0.76171875 0.0771484375 0.080078125
0 0.45556640625 0.7705078125 0.11328125 0.107421875
0 0.42431640625 0.835205078125 0.033203125 0.02294921875
0 0.730712890625 0.44287109375 0.06884765625 0.0703125
0 0.78857421875 0.515625 0.046875 0.0478515625
0 0.86669921875 0.46484375 0.0302734375 0.0263671875
0 0.88330078125 0.399658203125 0.041015625 0.04638671875
0 0.84521484375 0.505859375 0.080078125 0.06640625
0 0.90234375 0.5146484375 0.03125 0.0322265625
0 0.931884765625 0.496826171875 0.03076171875 0.03759765625
0 0.959228515625 0.503662109375 0.02783203125 0.02294921875
0 0.961669921875 0.481689453125 0.02783203125 0.02587890625
0 0.909912109375 0.447265625 0.09326171875 0.0849609375
0 0.956298828125 0.53662109375 0.06689453125 0.0595703125
0 0.8583984375 0.54296875 0.076171875 0.0595703125
0 0.982666015625 0.509765625 0.03369140625 0.0859375
0 0.956787109375 0.6044921875 0.08544921875 0.1142578125
0 0.96533203125 0.664794921875 0.04296875 0.04150390625
0 0.90966796875 0.648193359375 0.0859375 0.09716796875
0 0.78369140625 0.701416015625 0.0771484375 0.05517578125
0 0.69677734375 0.612060546875 0.0322265625 0.04931640625
0 0.64892578125 0.6484375 0.02734375 0.044921875
0 0.66796875 0.611328125 0.033203125 0.052734375
0 0.62548828125 0.67236328125 0.046875 0.05078125
0 0.586181640625 0.584716796875 0.05908203125 0.05419921875
0 0.72607421875 0.598876953125 0.029296875 0.02978515625
0 0.681884765625 0.725830078125 0.04052734375 0.02783203125
0 0.67578125 0.744873046875 0.0341796875 0.02490234375
0 0.5439453125 0.82421875 0.0869140625 0.0654296875
0 0.71728515625 0.78466796875 0.0244140625 0.0302734375
0 0.6455078125 0.8876953125 0.02734375 0.0322265625
0 0.665771484375 0.911376953125 0.04150390625 0.03857421875
0 0.481201171875 0.97607421875 0.02783203125 0.0302734375
0 0.68701171875 0.93359375 0.0380859375 0.046875
0 0.799072265625 0.930908203125 0.02197265625 0.02392578125
0 0.780029296875 0.824462890625 0.08056640625 0.07763671875
0 0.86474609375 0.827880859375 0.0810546875 0.06884765625
0 0.8203125 0.81591796875 0.0400390625 0.0908203125
0 0.96630859375 0.913818359375 0.064453125 0.07470703125
0 0.9208984375 0.850341796875 0.0322265625 0.05712890625
0 0.963134765625 0.83740234375 0.07275390625 0.072265625
0 0.039794921875 0.060791015625 0.07958984375 0.09619140625
0 0.03076171875 0.242431640625 0.0615234375 0.06591796875
0 0.01025390625 0.322021484375 0.0205078125 0.03955078125
0 0.08544921875 0.334716796875 0.056640625 0.08251953125
0 0.02978515625 0.40576171875 0.0458984375 0.04296875
0 0.14453125 0.45947265625 0.0556640625 0.072265625
0 0.2080078125 0.45068359375 0.0341796875 0.0458984375
0 0.21826171875 0.47900390625 0.025390625 0.033203125
0 0.181396484375 0.4365234375 0.04052734375 0.0234375
0 0.30126953125 0.340576171875 0.068359375 0.05615234375
0 0.340576171875 0.36865234375 0.06689453125 0.06640625
0 0.182373046875 0.514404296875 0.07275390625 0.07861328125
0 0.175537109375 0.587890625 0.04638671875 0.044921875
0 0.10205078125 0.593017578125 0.052734375 0.03662109375
0 0.1064453125 0.636962890625 0.03515625 0.03759765625
0 0.11083984375 0.6982421875 0.05078125 0.060546875
0 0.239990234375 0.808837890625 0.08837890625 0.06396484375
0 0.164794921875 0.69091796875 0.06591796875 0.072265625
0 0.238525390625 0.666748046875 0.06689453125 0.05517578125
0 0.349853515625 0.56103515625 0.05126953125 0.0556640625
0 0.42529296875 0.5029296875 0.044921875 0.0361328125
0 0.383056640625 0.51416015625 0.05224609375 0.0517578125
0 0.345703125 0.482177734375 0.0498046875 0.06689453125
0 0.4111328125 0.47216796875 0.0322265625 0.0341796875
0 0.380859375 0.4677734375 0.0341796875 0.033203125
0 0.388427734375 0.4052734375 0.06787109375 0.052734375
0 0.46142578125 0.30712890625 0.0576171875 0.0556640625
0 0.57763671875 0.22119140625 0.0673828125 0.0751953125
0 0.729248046875 0.146484375 0.07861328125 0.0869140625
0 0.951171875 0.32080078125 0.044921875 0.05078125
0 0.5439453125 0.293212890625 0.07421875 0.08447265625
0 0.39990234375 0.62255859375 0.06640625 0.037109375
0 0.807373046875 0.464111328125 0.09619140625 0.06103515625
0 0.849365234375 0.402099609375 0.03564453125 0.03955078125
0 0.849853515625 0.669677734375 0.07177734375 0.09521484375
0 0.795654296875 0.630859375 0.05224609375 0.080078125
0 0.586181640625 0.636474609375 0.06591796875 0.07177734375
0 0.56884765625 0.542724609375 0.0712890625 0.06982421875
0 0.684814453125 0.53369140625 0.08154296875 0.12109375
0 0.757568359375 0.542236328125 0.07568359375 0.09521484375
0 0.658935546875 0.482421875 0.08349609375 0.087890625
0 0.54736328125 0.776123046875 0.076171875 0.06982421875
0 0.6630859375 0.790283203125 0.0546875 0.06005859375
0 0.662353515625 0.98779296875 0.05908203125 0.0234375
0 0.77734375 0.98046875 0.037109375 0.0380859375
0 0.63671875 0.763427734375 0.048828125 0.08349609375
0 0.723876953125 0.8232421875 0.06591796875 0.0703125
0 0.676025390625 0.87646484375 0.05712890625 0.0419921875
0 0.722900390625 0.891357421875 0.05126953125 0.06982421875
0 0.800048828125 0.90625 0.06103515625 0.0654296875
0 0.93212890625 0.888427734375 0.056640625 0.04931640625
