0 0.1259765625 0.5341796875 0.044921875 0.044921875
0 0.177001953125 0.2412109375 0.06591796875 0.0498046875
0 0.110107421875 0.197509765625 0.06494140625 0.03955078125
0 0.100830078125 0.1552734375 0.06005859375 0.048828125
0 0.053466796875 0.17333984375 0.05029296875 0.052734375
0 0.20263671875 0.04443359375 0.0966796875 0.0888671875
0 0.05126953125 0.022216796875 0.076171875 0.04443359375
0 0.072998046875 0.060546875 0.07861328125 0.0625
0 0.19482421875 0.14794921875 0.0615234375 0.08984375
0 0.365966796875 0.034423828125 0.11376953125 0.06884765625
0 0.55908203125 0.069091796875 0.08203125 0.05322265625
0 0.38232421875 0.233154296875 0.11328125 0.08837890625
0 0.22021484375 0.3359375 0.0703125 0.0927734375
0 0.085205078125 0.35205078125 0.07958984375 0.0869140625
0 0.025390625 0.31396484375 0.05078125 0.087890625
0 0.06640625 0.59375 0.0966796875 0.0986328125
0 0.06689453125 0.75048828125 0.107421875 0.08984375
0 0.13623046875 0.66796875 0.0849609375 0.0888671875
0 0.130859375 0.739013671875 0.0546875 0.06298828125
0 0.134521484375 0.863037109375 0.07861328125 0.09814453125
0 0.222412109375 0.7900390625 0.07080078125 0.0654296875
0 0.0712890625 0.97265625 0.060546875 0.0537109375
0 0.35888671875 0.8916015625 0.0615234375 0.0634765625
0 0.35009765625 0.822021484375 0.064453125 0.08251953125
0 0.400146484375 0.790771484375 0.08935546875 0.07080078125
0 0.35888671875 0.75390625 0.0927734375 0.0634765625
0 0.774658203125 0.753662109375 0.07861328125 0.08251953125
0 0.62158203125 0.796630859375 0.0654296875 0.04541015625
0 0.54345703125 0.909423828125 0.0810546875 0.07470703125
0 0.746337890625 0.897705078125 0.07568359375 0.06787109375
0 0.911376953125 0.958740234375 0.08154296875 0.07568359375
0 0.974609375 0.953125 0.0498046875 0.0654296875
0 0.850830078125 0.64990234375 0.05126953125 0.0537109375
0 0.961669921875 0.75244140625 0.06689453125 0.0478515625
0 0.748779296875 0.5703125 0.09423828125 0.068359375
0 0.758544921875 0.625 0.08837890625 0.0732421875
0 0.902099609375 0.619140625 0.05712890625 0.056640625
0 0.635009765625 0.623779296875 0.10595703125 0.14404296875
0 0.510498046875 0.40234375 0.06494140625 0.1015625
0 0.514404296875 0.475341796875 0.05322265625 0.05810546875
0 0.66259765625 0.43408203125 0.08203125 0.0693359375
0 0.371826171875 0.573486328125 0.10400390625 0.10986328125
0 0.811279296875 0.054443359375 0.05419921875 0.06591796875
0 0.76708984375 0.0546875 0.0390625 0.068359375
0 0.809814453125 0.139404296875 0.05126953125 0.09619140625
0 0.986328125 0.169677734375 0.0263671875 0.06103515625
0 0.96240234375 0.022216796875 0.0712890625 0.04443359375
0 0.921630859375 0.28564453125 0.06103515625 0.0615234375
0 0.8291015625 0.236083984375 0.0751953125 0.08251953125
0 0.96630859375 0.58056640625 0.06640625 0.130859375
0 0.47216796875 0.665771484375 0.0556640625 0.06494140625
0 0.532958984375 0.9677734375 0.06103515625 0.056640625
0 0.19189453125 0.193603515625 0.083984375 0.06689453125
0 0.05712890625 0.230224609375 0.0693359375 0.06591796875
0 0.146728515625 0.132568359375 0.05419921875 0.07080078125
0 0.072021484375 0.111328125 0.07275390625 0.04296875
0 0.2958984375 0.1884765625 0.08203125 0.08984375
0 0.457763671875 0.10107421875 0.06201171875 0.0537109375
0 0.38525390625 0.146484375 0.1015625 0.0791015625
0 0.569580078125 0.103271484375 0.11376953125 0.06884765625
0 0.578857421875 0.149658203125 0.09033203125 0.06591796875
0 0.493408203125 0.199951171875 0.08935546875 0.09619140625
0 0.297119140625 0.31787109375 0.10107421875 0.111328125
0 0.37158203125 0.3046875 0.076171875 0.0712890625
0 0.39306640625 0.362060546875 0.0888671875 0.06689453125
0 0.21728515625 0.708984375 0.072265625 0.0546875
0 0.206298828125 0.76318359375 0.09130859375 0.0693359375
0 0.21435546875 0.846923828125 0.0888671875 0.07177734375
0 0.333984375 0.97412109375 0.107421875 0.05078125
0 0.355224609375 0.94921875 0.08251953125 0.056640625
0 0.3095703125 0.908447265625 0.076171875 0.06982421875
0 0.41259765625 0.865234375 0.0908203125 0.0908203125
0 0.4677734375 0.872802734375 0.0732421875 0.08251953125
0 0.61767578125 0.949462890625 0.07421875 0.06591796875
0 0.64501953125 0.96533203125 0.064453125 0.068359375
0 0.5341796875 0.8125 0.0771484375 0.06640625
0 0.49169921875 0.741455078125 0.072265625 0.06298828125
0 0.501953125 0.926025390625 0.0615234375 0.05224609375
0 0.828857421875 0.801513671875 0.06787109375 0.06298828125
0 0.686279296875 0.91552734375 0.06298828125 0.06640625
0 0.70654296875 0.84130859375 0.044921875 0.0537109375
0 0.869140625 0.91259765625 0.111328125 0.0634765625
0 0.8662109375 0.855712890625 0.1083984375 0.07373046875
0 0.86474609375 0.704345703125 0.080078125 0.06591796875
0 0.568115234375 0.595458984375 0.08642578125 0.10693359375
0 0.545166015625 0.6796875 0.10009765625 0.1015625
0 0.70703125 0.64208984375 0.0771484375 0.11328125
0 0.566162109375 0.40087890625 0.06787109375 0.1044921875
0 0.580322265625 0.486572265625 0.07568359375 0.07568359375
0 0.65087890625 0.493408203125 0.0693359375 0.05322265625
0 0.903564453125 0.09326171875 0.06787109375 0.0703125
0 0.938232421875 0.16064453125 0.06689453125 0.0595703125
0 0.736572265625 0.021484375 0.05908203125 0.04296875
0 0.689208984375 0.181640625 0.05908203125 0.0859375
0 0.67822265625 0.0361328125 0.0439453125 0.072265625
0 0.982177734375 0.068359375 0.03466796875 0.0849609375
0 0.765625 0.270263671875 0.119140625 0.08154296875
0 0.823974609375 0.395751953125 0.07373046875 0.07373046875
0 0.4658203125 0.957275390625 0.0458984375 0.06005859375
0 0.429931640625 0.933349609375 0.03662109375 0.03955078125
0 0.441162109375 0.970458984375 0.04345703125 0.04150390625
0 0.022705078125 0.496337890625 0.04541015625 0.09912109375
0 0.188720703125 0.466552734375 0.03662109375 0.04345703125
0 0.244140625 0.496826171875 0.0751953125 0.07275390625
0 0.01123046875 0.37255859375 0.0224609375 0.056640625
0 0.106201171875 0.241943359375 0.03759765625 0.06298828125
0 0.123779296875 0.0380859375 0.07666015625 0.076171875
0 0.53662109375 0.05078125 0.142578125 0.1015625
0 0.609619140625 0.263671875 0.07666015625 0.0751953125
0 0.4755859375 0.364013671875 0.123046875 0.06689453125
0 0.01708984375 0.60595703125 0.0341796875 0.1220703125
0 0.162353515625 0.714599609375 0.03955078125 0.05517578125
0 0.259521484375 0.791748046875 0.05517578125 0.06005859375
0 0.353759765625 0.6748046875 0.16845703125 0.1064453125
0 0.045654296875 0.85791015625 0.04345703125 0.0595703125
0 0.0205078125 0.95263671875 0.041015625 0.060546875
0 0.63427734375 0.859619140625 0.1416015625 0.10107421875
0 0.61865234375 0.73388671875 0.0703125 0.0908203125
0 0.76953125 0.839599609375 0.029296875 0.03369140625
0 0.735107421875 0.7646484375 0.04541015625 0.060546875
0 0.678466796875 0.790283203125 0.05322265625 0.04541015625
0 0.90966796875 0.80224609375 0.09375 0.095703125
0 0.889404296875 0.72998046875 0.06884765625 0.0498046875
0 0.458740234375 0.508056640625 0.10205078125 0.09130859375
0 0.945556640625 0.09716796875 0.04248046875 0.05859375
0 0.805908203125 0.244140625 0.03857421875 0.033203125
0 0.920654296875 0.223388671875 0.15673828125 0.10400390625
0 0.922119140625 0.51513671875 0.09619140625 0.130859375
0 0.085693359375 0.4111328125 0.05517578125 0.037109375
0 0.0859375 0.466552734375 0.08984375 0.08251953125
0 0.082763671875 0.234130859375 0.03857421875 0.03369140625
0 0.2841796875 0.11328125 0.0810546875 0.0810546875
0 0.63818359375 0.028076171875 0.0478515625 0.05615234375
0 0.016845703125 0.8701171875 0.03369140625 0.05859375
0 0.083740234375 0.862548828125 0.08056640625 0.11279296875
0 0.73193359375 0.9677734375 0.07421875 0.0634765625
0 0.49169921875 0.786376953125 0.1064453125 0.08740234375
0 0.310302734375 0.5576171875 0.11181640625 0.1064453125
0 0.873779296875 0.125244140625 0.08251953125 0.07958984375
0 0.7578125 0.161865234375 0.0947265625 0.12646484375
