0 0.044189453125 0.048583984375 0.08837890625 0.09716796875
0 0.10546875 0.037353515625 0.0419921875 0.06591796875
0 0.095703125 0.09228515625 0.0693359375 0.0751953125
0 0.149658203125 0.04736328125 0.08349609375 0.0947265625
0 0.037109375 0.125732421875 0.07421875 0.07666015625
0 0.200439453125 0.11767578125 0.04443359375 0.0478515625
0 0.172119140625 0.093017578125 0.04541015625 0.05126953125
0 0.155517578125 0.1142578125 0.04052734375 0.037109375
0 0.16943359375 0.1875 0.1015625 0.076171875
0 0.093017578125 0.21630859375 0.06591796875 0.0693359375
0 0.021240234375 0.242919921875 0.04248046875 0.06396484375
0 0.019287109375 0.294921875 0.03857421875 0.0478515625
0 0.2783203125 0.139404296875 0.044921875 0.04833984375
0 0.399169921875 0.01611328125 0.07373046875 0.0322265625
0 0.406982421875 0.049072265625 0.03662109375 0.03759765625
0 0.35498046875 0.068115234375 0.1064453125 0.07861328125
0 0.44287109375 0.1240234375 0.072265625 0.0576171875
0 0.4287109375 0.086181640625 0.037109375 0.06103515625
0 0.467529296875 0.04931640625 0.06201171875 0.0947265625
0 0.501220703125 0.14111328125 0.04052734375 0.0341796875
0 0.287841796875 0.21533203125 0.04345703125 0.04296875
0 0.3466796875 0.19482421875 0.0859375 0.0869140625
0 0.484375 0.273681640625 0.08984375 0.05810546875
0 0.07470703125 0.324951171875 0.119140625 0.07763671875
0 0.15478515625 0.3173828125 0.0478515625 0.0517578125
0 0.187255859375 0.33447265625 0.08935546875 0.0615234375
0 0.21875 0.282470703125 0.0712890625 0.05810546875
0 0.152587890625 0.266357421875 0.07470703125 0.07958984375
0 0.034423828125 0.37841796875 0.04833984375 0.0400390625
0 0.283935546875 0.3154296875 0.03662109375 0.0302734375
0 0.12744140625 0.376220703125 0.076171875 0.07177734375
0 0.24267578125 0.3916015625 0.0302734375 0.02734375
0 0.2734375 0.405029296875 0.0927734375 0.09228515625
0 0.3310546875 0.386962890625 0.0634765625 0.06298828125
0 0.147216796875 0.5048828125 0.09521484375 0.046875
0 0.16650390625 0.420654296875 0.048828125 0.05322265625
0 0.35205078125 0.353515625 0.0927734375 0.06640625
0 0.489501953125 0.487548828125 0.06787109375 0.06689453125
0 0.4697265625 0.455078125 0.0439453125 0.0419921875
0 0.32080078125 0.467529296875 0.0771484375 0.07666015625
0 0.559326171875 0.291015625 0.07470703125 0.072265625
0 0.454833984375 0.5185546875 0.09130859375 0.0947265625
0 0.053955078125 0.52294921875 0.09814453125 0.1044921875
0 0.136474609375 0.653564453125 0.03173828125 0.03662109375
0 0.134521484375 0.680908203125 0.05029296875 0.04638671875
0 0.111083984375 0.715576171875 0.07373046875 0.04638671875
0 0.099853515625 0.68505859375 0.04443359375 0.0341796875
0 0.0478515625 0.63720703125 0.0615234375 0.0830078125
0 0.3310546875 0.68310546875 0.0712890625 0.0791015625
0 0.27099609375 0.81787109375 0.0595703125 0.068359375
0 0.063720703125 0.86279296875 0.08154296875 0.1025390625
0 0.04541015625 0.8134765625 0.0380859375 0.05859375
0 0.13916015625 0.91162109375 0.0869140625 0.0693359375
0 0.11669921875 0.981201171875 0.044921875 0.03662109375
0 0.110107421875 0.95458984375 0.09423828125 0.08984375
0 0.19482421875 0.8818359375 0.052734375 0.041015625
0 0.3134765625 0.812255859375 0.03515625 0.03369140625
0 0.363525390625 0.79833984375 0.04248046875 0.03125
0 0.361328125 0.725830078125 0.0791015625 0.11865234375
0 0.30322265625 0.75927734375 0.0751953125 0.078125
0 0.23779296875 0.90625 0.11328125 0.080078125
0 0.3232421875 0.93115234375 0.0615234375 0.0625
0 0.373046875 0.954345703125 0.041015625 0.06005859375
0 0.395751953125 0.9658203125 0.05224609375 0.0625
0 0.41748046875 0.919677734375 0.0556640625 0.04150390625
0 0.4931640625 0.9775390625 0.046875 0.0439453125
0 0.521484375 0.759033203125 0.0546875 0.05322265625
0 0.55224609375 0.840087890625 0.0888671875 0.09619140625
0 0.53955078125 0.9091796875 0.091796875 0.0908203125
0 0.663330078125 0.78857421875 0.09130859375 0.091796875
0 0.6328125 0.939453125 0.056640625 0.052734375
0 0.616943359375 0.95263671875 0.11279296875 0.09375
0 0.714111328125 0.77490234375 0.05322265625 0.0732421875
0 0.7421875 0.715087890625 0.0673828125 0.08349609375
0 0.704345703125 0.960693359375 0.07080078125 0.07763671875
0 0.664794921875 0.8408203125 0.05712890625 0.087890625
0 0.589599609375 0.74755859375 0.09326171875 0.052734375
0 0.551513671875 0.704833984375 0.07080078125 0.06591796875
0 0.787353515625 0.969970703125 0.07568359375 0.05908203125
0 0.81005859375 0.915283203125 0.0732421875 0.07373046875
0 0.760498046875 0.906982421875 0.05810546875 0.07080078125
0 0.801513671875 0.751708984375 0.09033203125 0.06982421875
0 0.931640625 0.96337890625 0.0595703125 0.04296875
0 0.916259765625 0.904296875 0.04248046875 0.046875
0 0.94384765625 0.86572265625 0.0458984375 0.0498046875
0 0.884765625 0.86767578125 0.078125 0.06640625
0 0.86572265625 0.928955078125 0.0634765625 0.06396484375
0 0.932861328125 0.808837890625 0.03662109375 0.03076171875
0 0.84326171875 0.830322265625 0.04296875 0.04833984375
0 0.845947265625 0.643798828125 0.05322265625 0.07666015625
0 0.912109375 0.634521484375 0.0888671875 0.08740234375
0 0.77587890625 0.604736328125 0.0849609375 0.06298828125
0 0.645751953125 0.5966796875 0.09521484375 0.0849609375
0 0.640625 0.4912109375 0.05859375 0.0703125
0 0.5732421875 0.678466796875 0.0478515625 0.04541015625
0 0.59716796875 0.64306640625 0.109375 0.08203125
0 0.4970703125 0.694580078125 0.048828125 0.04248046875
0 0.467529296875 0.697021484375 0.06591796875 0.05126953125
0 0.861328125 0.517333984375 0.0712890625 0.09619140625
0 0.80517578125 0.50732421875 0.0595703125 0.0615234375
0 0.957275390625 0.48779296875 0.04052734375 0.04296875
0 0.972412109375 0.51171875 0.05419921875 0.0625
0 0.975341796875 0.642822265625 0.04833984375 0.06005859375
0 0.63427734375 0.24658203125 0.0947265625 0.095703125
0 0.778564453125 0.473876953125 0.07275390625 0.06201171875
0 0.808349609375 0.43505859375 0.08056640625 0.0615234375
0 0.874267578125 0.36083984375 0.06396484375 0.0498046875
0 0.8896484375 0.2646484375 0.05078125 0.0732421875
0 0.805419921875 0.03955078125 0.07763671875 0.0712890625
0 0.843994140625 0.021240234375 0.07568359375 0.04248046875
0 0.765625 0.127685546875 0.0712890625 0.07470703125
0 0.726806640625 0.175537109375 0.04736328125 0.04150390625
0 0.746337890625 0.21826171875 0.07470703125 0.0625
0 0.824951171875 0.198486328125 0.04736328125 0.03466796875
0 0.861083984375 0.07568359375 0.10400390625 0.0869140625
0 0.980224609375 0.221923828125 0.03857421875 0.06982421875
0 0.657958984375 0.340576171875 0.04345703125 0.06396484375
0 0.77734375 0.80859375 0.048828125 0.052734375
0 0.782470703125 0.85107421875 0.03369140625 0.0615234375
0 0.019287109375 0.778076171875 0.03857421875 0.05419921875
0 0.079345703125 0.756591796875 0.04443359375 0.04052734375
0 0.014404296875 0.87109375 0.02880859375 0.0576171875
0 0.01806640625 0.539794921875 0.0361328125 0.06396484375
0 0.10986328125 0.440673828125 0.033203125 0.03173828125
0 0.985595703125 0.095947265625 0.02783203125 0.05908203125
0 0.51953125 0.252197265625 0.0322265625 0.03173828125
0 0.794189453125 0.3486328125 0.08544921875 0.03515625
0 0.29052734375 0.04443359375 0.0361328125 0.0693359375
0 0.209716796875 0.04833984375 0.08837890625 0.095703125
0 0.075439453125 0.250244140625 0.08056640625 0.10595703125
0 0.366943359375 0.130859375 0.10302734375 0.0869140625
0 0.51171875 0.039306640625 0.10546875 0.07861328125
0 0.416748046875 0.23095703125 0.07470703125 0.0576171875
0 0.469970703125 0.19970703125 0.12255859375 0.10546875
0 0.028564453125 0.418701171875 0.05712890625 0.06689453125
0 0.10498046875 0.473388671875 0.0341796875 0.05419921875
0 0.29052734375 0.34228515625 0.0537109375 0.037109375
0 0.349365234375 0.305419921875 0.06494140625 0.05029296875
0 0.414794921875 0.2861328125 0.08642578125 0.0703125
0 0.391845703125 0.430908203125 0.10888671875 0.10205078125
0 0.50830078125 0.3876953125 0.0634765625 0.076171875
0 0.49169921875 0.3212890625 0.068359375 0.068359375
0 0.533203125 0.466552734375 0.0869140625 0.08935546875
0 0.56591796875 0.515869140625 0.0908203125 0.07666015625
0 0.5205078125 0.538330078125 0.0615234375 0.05322265625
0 0.1640625 0.53857421875 0.0810546875 0.060546875
0 0.180419921875 0.575927734375 0.06689453125 0.04638671875
0 0.171142578125 0.660888671875 0.03955078125 0.05517578125
0 0.28076171875 0.72900390625 0.0703125 0.0888671875
0 0.283203125 0.653076171875 0.0888671875 0.07470703125
0 0.228271484375 0.848388671875 0.06494140625 0.04931640625
0 0.080078125 0.79345703125 0.0361328125 0.04296875
0 0.389892578125 0.696044921875 0.03369140625 0.05517578125
0 0.265380859375 0.958740234375 0.02783203125 0.03466796875
0 0.436279296875 0.95849609375 0.03955078125 0.05859375
0 0.46826171875 0.890869140625 0.08203125 0.10693359375
0 0.28466796875 0.947509765625 0.0517578125 0.06591796875
0 0.552734375 0.972412109375 0.0869140625 0.05419921875
0 0.704345703125 0.86865234375 0.05908203125 0.0830078125
0 0.669677734375 0.71435546875 0.09228515625 0.0849609375
0 0.91064453125 0.970947265625 0.083984375 0.05712890625
0 0.906005859375 0.821044921875 0.08349609375 0.07568359375
0 0.961181640625 0.8046875 0.07666015625 0.076171875
0 0.9755859375 0.85986328125 0.0478515625 0.0751953125
0 0.929931640625 0.722900390625 0.11376953125 0.06591796875
0 0.469970703125 0.60302734375 0.05712890625 0.052734375
0 0.771728515625 0.642333984375 0.04150390625 0.03955078125
0 0.70556640625 0.517822265625 0.08203125 0.06982421875
0 0.724365234375 0.549560546875 0.04443359375 0.03955078125
0 0.7666015625 0.533935546875 0.0458984375 0.05712890625
0 0.802490234375 0.558349609375 0.10693359375 0.06005859375
0 0.917236328125 0.4931640625 0.05615234375 0.076171875
0 0.95068359375 0.53466796875 0.0537109375 0.046875
0 0.972412109375 0.59765625 0.05419921875 0.0625
0 0.88525390625 0.514404296875 0.0302734375 0.04248046875
0 0.7177734375 0.450927734375 0.068359375 0.06591796875
0 0.618896484375 0.392333984375 0.06005859375 0.07958984375
0 0.677978515625 0.27001953125 0.09619140625 0.115234375
0 0.801025390625 0.300537109375 0.05908203125 0.07177734375
0 0.934814453125 0.276123046875 0.04833984375 0.06591796875
0 0.73779296875 0.057861328125 0.08203125 0.08544921875
0 0.72021484375 0.1328125 0.0712890625 0.09375
0 0.849853515625 0.236572265625 0.09912109375 0.08642578125
0 0.617431640625 0.213623046875 0.04248046875 0.04248046875
0 0.670654296875 0.07861328125 0.06494140625 0.0556640625
0 0.77392578125 0.18408203125 0.0576171875 0.041015625
0 0.1953125 0.418212890625 0.0341796875 0.05419921875
0 0.344482421875 0.8974609375 0.03857421875 0.0234375
0 0.970703125 0.981201171875 0.0576171875 0.03662109375
0 0.177490234375 0.470947265625 0.05322265625 0.05908203125
0 0.251953125 0.61083984375 0.04296875 0.046875
0 0.236083984375 0.94140625 0.05419921875 0.0419921875
0 0.76025390625 0.935546875 0.0341796875 0.0361328125
0 0.0234375 0.15673828125 0.046875 0.0478515625
0 0.246826171875 0.045654296875 0.06103515625 0.07373046875
0 0.08642578125 0.154296875 0.0703125 0.0771484375
0 0.1884765625 0.158447265625 0.0478515625 0.03857421875
0 0.25146484375 0.1123046875 0.0869140625 0.0771484375
0 0.296875 0.107177734375 0.046875 0.05517578125
0 0.189697265625 0.2265625 0.06494140625 0.0546875
0 0.2802734375 0.174072265625 0.0263671875 0.02978515625
0 0.264404296875 0.189453125 0.03369140625 0.0390625
0 0.3046875 0.157958984375 0.0439453125 0.04150390625
0 0.321533203125 0.1357421875 0.04345703125 0.0390625
0 0.344482421875 0.027587890625 0.10498046875 0.04052734375
0 0.514892578125 0.10205078125 0.08837890625 0.080078125
0 0.549560546875 0.03125 0.12158203125 0.0625
0 0.51123046875 0.174072265625 0.0302734375 0.04248046875
0 0.390625 0.150146484375 0.037109375 0.02880859375
0 0.3935546875 0.179443359375 0.0478515625 0.04736328125
0 0.27880859375 0.261962890625 0.0478515625 0.06884765625
0 0.427001953125 0.195068359375 0.06005859375 0.05615234375
0 0.369140625 0.235107421875 0.03125 0.03564453125
0 0.35107421875 0.227783203125 0.0244140625 0.02197265625
0 0.54736328125 0.155029296875 0.0615234375 0.08447265625
0 0.598876953125 0.111572265625 0.08154296875 0.10400390625
0 0.586181640625 0.234619140625 0.04248046875 0.03955078125
0 0.132568359375 0.33935546875 0.02978515625 0.0322265625
0 0.193603515625 0.267578125 0.02880859375 0.033203125
0 0.0712890625 0.374755859375 0.0458984375 0.04150390625
0 0.0712890625 0.431640625 0.0498046875 0.0869140625
0 0.0302734375 0.504150390625 0.0244140625 0.04345703125
0 0.03466796875 0.481689453125 0.0693359375 0.06005859375
0 0.130859375 0.4140625 0.03125 0.033203125
0 0.101806640625 0.4150390625 0.03662109375 0.0361328125
0 0.177490234375 0.38232421875 0.03662109375 0.03125
0 0.213623046875 0.385009765625 0.04150390625 0.03271484375
0 0.250244140625 0.363037109375 0.04443359375 0.03857421875
0 0.205810546875 0.3515625 0.08740234375 0.0537109375
0 0.307373046875 0.326416015625 0.04248046875 0.03466796875
0 0.42138671875 0.334716796875 0.109375 0.06298828125
0 0.309814453125 0.27685546875 0.09130859375 0.0703125
0 0.535400390625 0.340087890625 0.04443359375 0.08447265625
0 0.552734375 0.41259765625 0.087890625 0.0712890625
0 0.480224609375 0.35400390625 0.02978515625 0.0341796875
0 0.405029296875 0.5126953125 0.05810546875 0.0830078125
0 0.2705078125 0.489013671875 0.0771484375 0.07373046875
0 0.2939453125 0.543701171875 0.1025390625 0.07080078125
0 0.289306640625 0.59716796875 0.06298828125 0.052734375
0 0.338134765625 0.6044921875 0.06689453125 0.099609375
0 0.21728515625 0.6728515625 0.0703125 0.056640625
0 0.207275390625 0.615966796875 0.08056640625 0.07177734375
0 0.24365234375 0.723876953125 0.0419921875 0.09814453125
0 0.155517578125 0.748046875 0.06884765625 0.044921875
0 0.408203125 0.638671875 0.05078125 0.0693359375
0 0.530517578125 0.650146484375 0.04931640625 0.06103515625
0 0.096435546875 0.740966796875 0.04248046875 0.03466796875
0 0.054931640625 0.729248046875 0.07177734375 0.07177734375
0 0.018798828125 0.691650390625 0.03759765625 0.10302734375
0 0.09716796875 0.552734375 0.0859375 0.0537109375
0 0.16650390625 0.716796875 0.046875 0.064453125
0 0.1103515625 0.64404296875 0.0302734375 0.029296875
0 0.09228515625 0.610107421875 0.052734375 0.05810546875
0 0.0673828125 0.666259765625 0.0546875 0.05322265625
0 0.213134765625 0.5078125 0.05419921875 0.044921875
0 0.01904296875 0.82275390625 0.0380859375 0.056640625
0 0.039794921875 0.9658203125 0.06494140625 0.064453125
0 0.038818359375 0.9150390625 0.07763671875 0.080078125
0 0.12744140625 0.84521484375 0.068359375 0.080078125
0 0.181884765625 0.853271484375 0.06103515625 0.06884765625
0 0.20166015625 0.794677734375 0.0830078125 0.07275390625
0 0.101318359375 0.884033203125 0.02294921875 0.02294921875
0 0.096435546875 0.9013671875 0.01904296875 0.0205078125
0 0.0712890625 0.818359375 0.025390625 0.0283203125
0 0.050537109375 0.7763671875 0.03662109375 0.0390625
0 0.362060546875 0.85986328125 0.06201171875 0.0673828125
0 0.33251953125 0.832763671875 0.0732421875 0.05224609375
0 0.33447265625 0.791015625 0.0322265625 0.0341796875
0 0.355224609375 0.769775390625 0.03271484375 0.03369140625
0 0.243896484375 0.974853515625 0.04736328125 0.04150390625
0 0.3330078125 0.9736328125 0.0576171875 0.0517578125
0 0.414306640625 0.894287109375 0.02685546875 0.02197265625
0 0.4560546875 0.91162109375 0.029296875 0.0234375
0 0.457763671875 0.9375 0.02685546875 0.029296875
0 0.3662109375 0.901611328125 0.0263671875 0.03271484375
0 0.61328125 0.89453125 0.064453125 0.0458984375
0 0.614990234375 0.844970703125 0.07080078125 0.09619140625
0 0.671142578125 0.883056640625 0.03076171875 0.03173828125
0 0.71923828125 0.91064453125 0.0517578125 0.0458984375
0 0.748779296875 0.780029296875 0.03076171875 0.04150390625
0 0.752685546875 0.84228515625 0.05712890625 0.08203125
0 0.8115234375 0.799560546875 0.0439453125 0.05419921875
0 0.810791015625 0.83837890625 0.02587890625 0.0380859375
0 0.736083984375 0.9443359375 0.03271484375 0.037109375
0 0.638427734375 0.677490234375 0.05517578125 0.05810546875
0 0.604248046875 0.703369140625 0.05029296875 0.04736328125
0 0.834228515625 0.982421875 0.04345703125 0.0341796875
0 0.845703125 0.95263671875 0.0400390625 0.0390625
0 0.970703125 0.9345703125 0.0478515625 0.041015625
0 0.91162109375 0.940185546875 0.041015625 0.04345703125
0 0.829833984375 0.864990234375 0.03173828125 0.03076171875
0 0.85498046875 0.85546875 0.0283203125 0.0322265625
0 0.904296875 0.874755859375 0.0380859375 0.02978515625
0 0.935546875 0.765625 0.037109375 0.0283203125
0 0.905029296875 0.756103515625 0.03564453125 0.02978515625
0 0.9609375 0.90625 0.0595703125 0.0439453125
0 0.977783203125 0.955810546875 0.03759765625 0.02978515625
0 0.907470703125 0.689697265625 0.02880859375 0.03466796875
0 0.8759765625 0.68798828125 0.0400390625 0.0361328125
0 0.700927734375 0.659423828125 0.04833984375 0.06591796875
0 0.731201171875 0.65673828125 0.03369140625 0.0478515625
0 0.754150390625 0.65966796875 0.03271484375 0.0341796875
0 0.805908203125 0.642333984375 0.02880859375 0.02001953125
0 0.892333984375 0.57080078125 0.07470703125 0.080078125
0 0.780517578125 0.579833984375 0.03662109375 0.03076171875
0 0.950439453125 0.5712890625 0.05322265625 0.056640625
0 0.94140625 0.675048828125 0.05078125 0.03759765625
0 0.56005859375 0.56982421875 0.046875 0.046875
0 0.591796875 0.455810546875 0.0400390625 0.04736328125
0 0.982177734375 0.682373046875 0.03466796875 0.06396484375
0 0.69287109375 0.46484375 0.0634765625 0.0703125
0 0.671142578125 0.41748046875 0.03369140625 0.0302734375
0 0.86669921875 0.448974609375 0.083984375 0.06298828125
0 0.643798828125 0.404541015625 0.03662109375 0.03564453125
0 0.594482421875 0.33935546875 0.08935546875 0.1025390625
0 0.689453125 0.33544921875 0.029296875 0.0341796875
0 0.763916015625 0.2431640625 0.08544921875 0.0654296875
0 0.927490234375 0.41943359375 0.04541015625 0.0830078125
0 0.89404296875 0.41748046875 0.076171875 0.0859375
0 0.9267578125 0.3525390625 0.0546875 0.0537109375
0 0.892822265625 0.31298828125 0.08056640625 0.048828125
0 0.97021484375 0.433837890625 0.05859375 0.08154296875
0 0.9755859375 0.380126953125 0.0478515625 0.05419921875
0 0.978271484375 0.293701171875 0.04248046875 0.06591796875
0 0.88623046875 0.12158203125 0.064453125 0.06640625
0 0.938720703125 0.0634765625 0.07568359375 0.091796875
0 0.8115234375 0.13427734375 0.078125 0.095703125
0 0.910888671875 0.21337890625 0.07958984375 0.0791015625
0 0.953857421875 0.195068359375 0.06884765625 0.06005859375
0 0.983154296875 0.15576171875 0.03271484375 0.064453125
0 0.61083984375 0.165283203125 0.07421875 0.08154296875
0 0.667724609375 0.146728515625 0.04931640625 0.08740234375
0 0.63818359375 0.108154296875 0.03125 0.04345703125
0 0.575439453125 0.08837890625 0.05126953125 0.0634765625
0 0.611083984375 0.573486328125 0.06982421875 0.04150390625
0 0.6162109375 0.539794921875 0.0712890625 0.05029296875
0 0.206298828125 0.730712890625 0.04541015625 0.06298828125
0 0.08984375 0.9755859375 0.0517578125 0.0478515625
0 0.53515625 0.600341796875 0.087890625 0.07763671875
0 0.18359375 0.695068359375 0.005859375 0.01416015625
0 0.14111328125 0.872802734375 0.0341796875 0.03564453125
0 0.17724609375 0.94482421875 0.044921875 0.041015625
0 0.48828125 0.7685546875 0.05859375 0.0634765625
0 0.5185546875 0.730224609375 0.041015625 0.03857421875
0 0.58251953125 0.775390625 0.0595703125 0.0595703125
0 0.73486328125 0.97998046875 0.037109375 0.0390625
0 0.756591796875 0.401611328125 0.12353515625 0.08544921875
0 0.68359375 0.37548828125 0.0634765625 0.0595703125
0 0.748046875 0.309326171875 0.078125 0.08154296875
0 0.236328125 0.185302734375 0.064453125 0.11572265625
0 0.0126953125 0.3447265625 0.025390625 0.0576171875
0 0.455810546875 0.391845703125 0.04638671875 0.06982421875
0 0.3603515625 0.50439453125 0.044921875 0.048828125
0 0.041748046875 0.597412109375 0.07763671875 0.04931640625
0 0.1396484375 0.60546875 0.078125 0.08203125
0 0.133056640625 0.78076171875 0.07763671875 0.0673828125
0 0.427001953125 0.723876953125 0.07763671875 0.11376953125
0 0.406494140625 0.818603515625 0.07958984375 0.10888671875
0 0.467041015625 0.8173828125 0.08740234375 0.080078125
0 0.628662109375 0.822021484375 0.04345703125 0.04638671875
0 0.824462890625 0.888427734375 0.11181640625 0.06591796875
0 0.865234375 0.822021484375 0.02734375 0.03662109375
0 0.850341796875 0.738525390625 0.05615234375 0.07177734375
0 0.416015625 0.54443359375 0.0341796875 0.0322265625
0 0.455810546875 0.648193359375 0.07275390625 0.06298828125
0 0.468994140625 0.720947265625 0.06103515625 0.04052734375
0 0.136474609375 0.46337890625 0.04638671875 0.04296875
