0 0.071044921875 0.17822265625 0.04345703125 0.0654296875
0 0.218505859375 0.091064453125 0.03173828125 0.03369140625
0 0.01025390625 0.48583984375 0.0205078125 0.044921875
0 0.302001953125 0.545654296875 0.06982421875 0.06591796875
0 0.66943359375 0.63720703125 0.07421875 0.068359375
0 0.9482421875 0.415283203125 0.0556640625 0.05810546875
0 0.041748046875 0.15966796875 0.05517578125 0.064453125
0 0.37548828125 0.0625 0.0400390625 0.044921875
0 0.822998046875 0.715576171875 0.03759765625 0.02978515625
0 0.507080078125 0.53076171875 0.03857421875 0.0419921875
0 0.472900390625 0.442626953125 0.04345703125 0.03857421875
0 0.425048828125 0.165771484375 0.05615234375 0.04736328125
0 0.54345703125 0.204833984375 0.0439453125 0.07080078125
0 0.551025390625 0.1025390625 0.03076171875 0.033203125
0 0.122314453125 0.04345703125 0.03466796875 0.0234375
0 0.04052734375 0.11767578125 0.05078125 0.05078125
0 0.039794921875 0.20556640625 0.03173828125 0.021484375
0 0.193359375 0.100830078125 0.0390625 0.05224609375
0 0.1396484375 0.105712890625 0.0830078125 0.07861328125
0 0.157958984375 0.146240234375 0.05126953125 0.03564453125
0 0.14306640625 0.219482421875 0.048828125 0.03662109375
0 0.171875 0.186767578125 0.078125 0.06396484375
0 0.2470703125 0.123291015625 0.056640625 0.04443359375
0 0.258056640625 0.187744140625 0.04833984375 0.04052734375
0 0.330810546875 0.130615234375 0.04541015625 0.04833984375
0 0.398681640625 0.210205078125 0.10107421875 0.09716796875
0 0.173583984375 0.282470703125 0.05126953125 0.04443359375
0 0.06591796875 0.243408203125 0.0908203125 0.07568359375
0 0.03955078125 0.35205078125 0.0322265625 0.0361328125
0 0.0234375 0.274658203125 0.046875 0.07958984375
0 0.04638671875 0.310302734375 0.04296875 0.05712890625
0 0.09326171875 0.305419921875 0.0947265625 0.06884765625
0 0.018310546875 0.330078125 0.03662109375 0.0478515625
0 0.093994140625 0.37646484375 0.03857421875 0.03515625
0 0.131103515625 0.345458984375 0.05908203125 0.05322265625
0 0.138427734375 0.386962890625 0.05126953125 0.04248046875
0 0.02783203125 0.446533203125 0.0556640625 0.06787109375
0 0.250732421875 0.397705078125 0.03564453125 0.03662109375
0 0.236083984375 0.4365234375 0.10302734375 0.1171875
0 0.17041015625 0.431396484375 0.068359375 0.06689453125
0 0.113037109375 0.41650390625 0.04345703125 0.0537109375
0 0.100830078125 0.526123046875 0.06005859375 0.07861328125
0 0.146240234375 0.58447265625 0.07275390625 0.0703125
0 0.21875 0.55224609375 0.05078125 0.0615234375
0 0.259521484375 0.4990234375 0.03955078125 0.0341796875
0 0.250244140625 0.6328125 0.03466796875 0.0390625
0 0.224609375 0.63671875 0.025390625 0.0361328125
0 0.2099609375 0.628173828125 0.05078125 0.03662109375
0 0.2978515625 0.662353515625 0.068359375 0.06787109375
0 0.15185546875 0.760986328125 0.0712890625 0.08349609375
0 0.281494140625 0.719482421875 0.07568359375 0.06689453125
0 0.216552734375 0.9189453125 0.04248046875 0.037109375
0 0.2109375 0.966552734375 0.046875 0.06591796875
0 0.391845703125 0.896484375 0.07763671875 0.0537109375
0 0.4697265625 0.884765625 0.048828125 0.0654296875
0 0.376220703125 0.794921875 0.04931640625 0.0361328125
0 0.443603515625 0.792724609375 0.04833984375 0.05322265625
0 0.455322265625 0.845947265625 0.02685546875 0.03076171875
0 0.518798828125 0.874267578125 0.06591796875 0.11669921875
0 0.622314453125 0.9375 0.08740234375 0.09765625
0 0.57958984375 0.87353515625 0.0595703125 0.0712890625
0 0.5107421875 0.76904296875 0.0751953125 0.064453125
0 0.6513671875 0.852294921875 0.04296875 0.03173828125
0 0.8369140625 0.927001953125 0.0732421875 0.07958984375
0 0.88330078125 0.90771484375 0.0517578125 0.056640625
0 0.9140625 0.87939453125 0.0537109375 0.0673828125
0 0.93359375 0.948974609375 0.0537109375 0.06689453125
0 0.809814453125 0.859375 0.04931640625 0.046875
0 0.862548828125 0.821533203125 0.06103515625 0.07373046875
0 0.65185546875 0.782470703125 0.0712890625 0.08740234375
0 0.56689453125 0.718505859375 0.0478515625 0.08056640625
0 0.532470703125 0.718505859375 0.02685546875 0.04150390625
0 0.63525390625 0.679443359375 0.0361328125 0.05712890625
0 0.81689453125 0.75390625 0.0615234375 0.052734375
0 0.763916015625 0.780517578125 0.02197265625 0.02490234375
0 0.9169921875 0.7080078125 0.0283203125 0.029296875
0 0.92578125 0.693603515625 0.021484375 0.02099609375
0 0.856689453125 0.7646484375 0.06787109375 0.0908203125
0 0.88671875 0.75146484375 0.03125 0.03125
0 0.358154296875 0.683349609375 0.06298828125 0.06787109375
0 0.42578125 0.678955078125 0.04296875 0.03857421875
0 0.3291015625 0.7197265625 0.029296875 0.029296875
0 0.4033203125 0.73681640625 0.0263671875 0.0263671875
0 0.503173828125 0.656982421875 0.05224609375 0.03759765625
0 0.37255859375 0.584716796875 0.05078125 0.04736328125
0 0.494873046875 0.567138671875 0.05517578125 0.03466796875
0 0.484619140625 0.61328125 0.06591796875 0.0732421875
0 0.43115234375 0.60498046875 0.0654296875 0.06640625
0 0.5556640625 0.65087890625 0.0546875 0.029296875
0 0.46044921875 0.475341796875 0.0322265625 0.03759765625
0 0.439697265625 0.485595703125 0.03076171875 0.04248046875
0 0.417724609375 0.53076171875 0.03076171875 0.03515625
0 0.523681640625 0.454345703125 0.04150390625 0.04443359375
0 0.3955078125 0.403076171875 0.046875 0.04443359375
0 0.62255859375 0.569091796875 0.0224609375 0.02685546875
0 0.6513671875 0.58056640625 0.025390625 0.033203125
0 0.68701171875 0.58935546875 0.044921875 0.0546875
0 0.704345703125 0.55078125 0.03759765625 0.0302734375
0 0.781005859375 0.578125 0.06591796875 0.0595703125
0 0.743408203125 0.572998046875 0.06005859375 0.05517578125
0 0.817138671875 0.630615234375 0.04443359375 0.03369140625
0 0.890869140625 0.538818359375 0.04833984375 0.04345703125
0 0.82666015625 0.6689453125 0.06640625 0.052734375
0 0.826171875 0.606689453125 0.0361328125 0.03271484375
0 0.971435546875 0.55859375 0.03955078125 0.0400390625
0 0.984130859375 0.52490234375 0.02978515625 0.033203125
0 0.775390625 0.49462890625 0.1044921875 0.044921875
0 0.583251953125 0.518798828125 0.05224609375 0.10693359375
0 0.59765625 0.5087890625 0.0361328125 0.033203125
0 0.672119140625 0.473876953125 0.06982421875 0.05224609375
0 0.365966796875 0.377197265625 0.08935546875 0.07763671875
0 0.24658203125 0.319091796875 0.0419921875 0.02197265625
0 0.268310546875 0.292724609375 0.03564453125 0.05322265625
0 0.285888671875 0.258056640625 0.07275390625 0.06689453125
0 0.412841796875 0.26953125 0.06103515625 0.0703125
0 0.4375 0.331787109375 0.044921875 0.04541015625
0 0.33740234375 0.1884765625 0.0537109375 0.048828125
0 0.510009765625 0.207275390625 0.04833984375 0.05810546875
0 0.41357421875 0.024658203125 0.0947265625 0.04931640625
0 0.60302734375 0.103759765625 0.0751953125 0.07568359375
0 0.64990234375 0.079345703125 0.060546875 0.04638671875
0 0.526123046875 0.186279296875 0.02783203125 0.02392578125
0 0.60205078125 0.198974609375 0.021484375 0.02392578125
0 0.6240234375 0.177490234375 0.0126953125 0.01416015625
0 0.606201171875 0.178955078125 0.02685546875 0.02392578125
0 0.53955078125 0.162841796875 0.0439453125 0.02783203125
0 0.61328125 0.03466796875 0.05859375 0.068359375
0 0.7666015625 0.076171875 0.0458984375 0.060546875
0 0.75927734375 0.131591796875 0.099609375 0.05517578125
0 0.834716796875 0.08642578125 0.02587890625 0.0302734375
0 0.760986328125 0.02685546875 0.05615234375 0.0439453125
0 0.734130859375 0.056884765625 0.05419921875 0.04345703125
0 0.9619140625 0.05078125 0.0634765625 0.0478515625
0 0.97314453125 0.168212890625 0.052734375 0.08349609375
0 0.853515625 0.153564453125 0.07421875 0.06787109375
0 0.909912109375 0.222412109375 0.08740234375 0.06884765625
0 0.735107421875 0.20849609375 0.06689453125 0.0908203125
0 0.69384765625 0.21923828125 0.025390625 0.0341796875
0 0.673828125 0.232666015625 0.0400390625 0.03466796875
0 0.665771484375 0.410400390625 0.09423828125 0.10498046875
0 0.85888671875 0.41162109375 0.046875 0.068359375
0 0.800048828125 0.396240234375 0.05224609375 0.04150390625
0 0.556396484375 0.27294921875 0.10009765625 0.06640625
0 0.53271484375 0.322021484375 0.0322265625 0.03173828125
0 0.53125 0.3486328125 0.0302734375 0.02734375
0 0.625 0.3291015625 0.068359375 0.095703125
0 0.679443359375 0.297119140625 0.03955078125 0.04541015625
0 0.59814453125 0.30810546875 0.0263671875 0.0322265625
0 0.614013671875 0.293701171875 0.03955078125 0.04150390625
0 0.761962890625 0.31103515625 0.03271484375 0.056640625
0 0.679443359375 0.352294921875 0.06494140625 0.06298828125
0 0.57763671875 0.323974609375 0.0693359375 0.05712890625
0 0.67822265625 0.548828125 0.041015625 0.0673828125
0 0.884765625 0.39990234375 0.0263671875 0.033203125
0 0.87548828125 0.36083984375 0.025390625 0.0234375
0 0.91064453125 0.365966796875 0.0283203125 0.03173828125
0 0.946533203125 0.3671875 0.04638671875 0.0439453125
0 0.98046875 0.315185546875 0.0380859375 0.08056640625
0 0.9326171875 0.326171875 0.0673828125 0.06640625
0 0.732177734375 0.27490234375 0.04150390625 0.037109375
0 0.2734375 0.09619140625 0.0224609375 0.0205078125
0 0.03564453125 0.0654296875 0.0712890625 0.0625
0 0.076904296875 0.0185546875 0.03369140625 0.037109375
0 0.073974609375 0.111572265625 0.04736328125 0.05419921875
0 0.111572265625 0.07373046875 0.04736328125 0.05859375
0 0.10498046875 0.18212890625 0.0498046875 0.0732421875
0 0.186279296875 0.2275390625 0.05419921875 0.0400390625
0 0.167236328125 0.03759765625 0.05224609375 0.0654296875
0 0.288330078125 0.118408203125 0.03076171875 0.03564453125
0 0.191650390625 0.36279296875 0.07080078125 0.072265625
0 0.139404296875 0.28662109375 0.06982421875 0.0791015625
0 0.07958984375 0.34716796875 0.03515625 0.0380859375
0 0.080322265625 0.40869140625 0.03857421875 0.0390625
0 0.074462890625 0.4443359375 0.06396484375 0.0546875
0 0.132568359375 0.45361328125 0.05322265625 0.060546875
0 0.031494140625 0.366943359375 0.03857421875 0.03564453125
0 0.155517578125 0.5107421875 0.05810546875 0.0634765625
0 0.05224609375 0.538330078125 0.048828125 0.05029296875
0 0.203857421875 0.513427734375 0.05224609375 0.06103515625
0 0.033935546875 0.5927734375 0.06787109375 0.080078125
0 0.018798828125 0.53662109375 0.03759765625 0.044921875
0 0.032958984375 0.66455078125 0.06494140625 0.0791015625
0 0.129638671875 0.690185546875 0.08056640625 0.06689453125
0 0.20361328125 0.692138671875 0.072265625 0.07666015625
0 0.203125 0.597412109375 0.060546875 0.05810546875
0 0.260986328125 0.569091796875 0.05419921875 0.05322265625
0 0.292236328125 0.602783203125 0.05810546875 0.05224609375
0 0.298095703125 0.766845703125 0.04345703125 0.03271484375
0 0.17333984375 0.81005859375 0.0537109375 0.0556640625
0 0.38134765625 0.8173828125 0.103515625 0.115234375
0 0.451416015625 0.934326171875 0.09130859375 0.05712890625
0 0.41064453125 0.87744140625 0.0732421875 0.072265625
0 0.5927734375 0.8427734375 0.0712890625 0.0595703125
0 0.532470703125 0.80615234375 0.03076171875 0.0361328125
0 0.623291015625 0.8232421875 0.04736328125 0.0595703125
0 0.688232421875 0.834228515625 0.04931640625 0.04248046875
0 0.5419921875 0.681884765625 0.0439453125 0.03857421875
0 0.663330078125 0.737548828125 0.02783203125 0.02685546875
0 0.74169921875 0.779052734375 0.0341796875 0.03955078125
0 0.787353515625 0.7021484375 0.03271484375 0.05859375
0 0.77880859375 0.74609375 0.0400390625 0.0498046875
0 0.744873046875 0.687744140625 0.05322265625 0.05615234375
0 0.35009765625 0.760986328125 0.03515625 0.04443359375
0 0.34814453125 0.601806640625 0.064453125 0.06787109375
0 0.5966796875 0.64111328125 0.05859375 0.0771484375
0 0.364013671875 0.546142578125 0.04541015625 0.04052734375
0 0.4541015625 0.531005859375 0.0615234375 0.06005859375
0 0.648193359375 0.548095703125 0.06494140625 0.04443359375
0 0.9130859375 0.648681640625 0.0546875 0.08251953125
0 0.878662109375 0.648681640625 0.03662109375 0.03466796875
0 0.861572265625 0.658203125 0.04443359375 0.08203125
0 0.94873046875 0.5234375 0.0576171875 0.056640625
0 0.893310546875 0.49609375 0.04736328125 0.0517578125
0 0.54296875 0.520263671875 0.052734375 0.04638671875
0 0.308349609375 0.4091796875 0.03759765625 0.0615234375
0 0.466552734375 0.373291015625 0.09716796875 0.08349609375
0 0.45068359375 0.421630859375 0.0771484375 0.03369140625
0 0.25830078125 0.356689453125 0.056640625 0.04931640625
0 0.419677734375 0.309326171875 0.04150390625 0.04541015625
0 0.46484375 0.2861328125 0.048828125 0.0439453125
0 0.454345703125 0.25537109375 0.04833984375 0.025390625
0 0.350830078125 0.2236328125 0.03662109375 0.0703125
0 0.466552734375 0.1357421875 0.05517578125 0.087890625
0 0.447021484375 0.06005859375 0.05517578125 0.044921875
0 0.511474609375 0.065185546875 0.05126953125 0.05322265625
0 0.483154296875 0.036865234375 0.04443359375 0.06884765625
0 0.55419921875 0.0263671875 0.07421875 0.052734375
0 0.507568359375 0.16748046875 0.03466796875 0.029296875
0 0.59033203125 0.07470703125 0.0556640625 0.041015625
0 0.724365234375 0.16455078125 0.04931640625 0.046875
0 0.7119140625 0.090576171875 0.0888671875 0.06103515625
0 0.857421875 0.10888671875 0.0576171875 0.0419921875
0 0.7900390625 0.2109375 0.06640625 0.0517578125
0 0.717529296875 0.523681640625 0.07373046875 0.05419921875
0 0.59423828125 0.421630859375 0.056640625 0.08251953125
0 0.898193359375 0.4345703125 0.06689453125 0.0791015625
0 0.795654296875 0.433349609375 0.06884765625 0.04931640625
0 0.755615234375 0.414306640625 0.03955078125 0.06201171875
0 0.712890625 0.424560546875 0.0625 0.04736328125
0 0.73583984375 0.353271484375 0.0537109375 0.06103515625
0 0.722900390625 0.3193359375 0.07177734375 0.076171875
0 0.525634765625 0.363525390625 0.04052734375 0.03466796875
0 0.531494140625 0.39453125 0.03369140625 0.02734375
0 0.5048828125 0.3291015625 0.0517578125 0.0537109375
0 0.837646484375 0.368896484375 0.07763671875 0.06494140625
0 0.77392578125 0.358154296875 0.029296875 0.03466796875
0 0.81103515625 0.310302734375 0.064453125 0.05712890625
0 0.96142578125 0.459716796875 0.076171875 0.04150390625
0 0.97802734375 0.39404296875 0.04296875 0.0859375
0 0.292724609375 0.08203125 0.03564453125 0.0439453125
0 0.43896484375 0.653564453125 0.0693359375 0.02880859375
0 0.3818359375 0.654296875 0.044921875 0.0400390625
0 0.123779296875 0.01708984375 0.05517578125 0.0341796875
0 0.228271484375 0.155029296875 0.06298828125 0.05908203125
0 0.23046875 0.070068359375 0.0634765625 0.07470703125
0 0.272216796875 0.042724609375 0.06689453125 0.08544921875
0 0.325439453125 0.050048828125 0.06298828125 0.10009765625
0 0.3447265625 0.1083984375 0.056640625 0.05078125
0 0.40380859375 0.108642578125 0.0927734375 0.10302734375
0 0.219482421875 0.2578125 0.05615234375 0.0830078125
0 0.197021484375 0.45849609375 0.05029296875 0.046875
0 0.010986328125 0.406982421875 0.02197265625 0.04833984375
0 0.132568359375 0.645263671875 0.05908203125 0.04931640625
0 0.073974609375 0.647216796875 0.04345703125 0.05517578125
0 0.252685546875 0.694091796875 0.04345703125 0.04150390625
0 0.063720703125 0.748779296875 0.08740234375 0.08837890625
0 0.3154296875 0.7978515625 0.0712890625 0.0634765625
0 0.00732421875 0.71826171875 0.0146484375 0.0439453125
0 0.558349609375 0.958984375 0.09521484375 0.0810546875
0 0.62646484375 0.886474609375 0.0390625 0.05029296875
0 0.582275390625 0.78466796875 0.07666015625 0.080078125
0 0.72314453125 0.862548828125 0.0673828125 0.06005859375
0 0.766845703125 0.813720703125 0.09130859375 0.06005859375
0 0.985595703125 0.880859375 0.02783203125 0.0400390625
0 0.710693359375 0.759521484375 0.07275390625 0.10595703125
0 0.50634765625 0.713623046875 0.0390625 0.03857421875
0 0.396484375 0.515625 0.0673828125 0.08203125
0 0.326904296875 0.4873046875 0.07470703125 0.0732421875
0 0.328369140625 0.43798828125 0.08349609375 0.041015625
0 0.397216796875 0.442626953125 0.05712890625 0.05322265625
0 0.553955078125 0.58544921875 0.09033203125 0.0751953125
0 0.767578125 0.529541015625 0.0537109375 0.03662109375
0 0.86181640625 0.566650390625 0.0966796875 0.05126953125
0 0.753662109375 0.6337890625 0.09814453125 0.083984375
0 0.842041015625 0.504150390625 0.06591796875 0.07568359375
0 0.81005859375 0.487548828125 0.0498046875 0.07763671875
0 0.646728515625 0.50341796875 0.07080078125 0.0556640625
0 0.20556640625 0.3212890625 0.0654296875 0.0595703125
0 0.333740234375 0.33837890625 0.05712890625 0.068359375
0 0.295166015625 0.33056640625 0.05517578125 0.0712890625
0 0.36962890625 0.297607421875 0.064453125 0.08349609375
0 0.321044921875 0.259765625 0.04150390625 0.0595703125
0 0.316650390625 0.162353515625 0.06982421875 0.04833984375
0 0.473388671875 0.223388671875 0.08642578125 0.06884765625
0 0.520751953125 0.099609375 0.03271484375 0.033203125
0 0.632568359375 0.135009765625 0.08837890625 0.08349609375
0 0.541259765625 0.135009765625 0.05615234375 0.05029296875
0 0.57861328125 0.176025390625 0.03515625 0.03759765625
0 0.6875 0.04443359375 0.05078125 0.060546875
0 0.79638671875 0.097412109375 0.060546875 0.06103515625
0 0.904052734375 0.064208984375 0.05322265625 0.04931640625
0 0.92919921875 0.100341796875 0.060546875 0.06591796875
0 0.9794921875 0.1005859375 0.0400390625 0.0634765625
0 0.919677734375 0.1611328125 0.05908203125 0.05078125
0 0.743408203125 0.46630859375 0.03662109375 0.03515625
0 0.62841796875 0.230224609375 0.08203125 0.09716796875
0 0.687744140625 0.25634765625 0.06787109375 0.0576171875
0 0.565673828125 0.365478515625 0.04443359375 0.05029296875
0 0.862548828125 0.3232421875 0.04736328125 0.064453125
0 0.96484375 0.25244140625 0.0693359375 0.0947265625
0 0.87744140625 0.286376953125 0.0498046875 0.04638671875
