1 0.070556640625 0.09912109375 0.04345703125 0.064453125
1 0.21240234375 0.08056640625 0.0537109375 0.0478515625
1 0.300537109375 0.17578125 0.09033203125 0.08984375
1 0.40869140625 0.131103515625 0.0458984375 0.03662109375
1 0.373046875 0.1376953125 0.0615234375 0.041015625
1 0.1279296875 0.24462890625 0.09375 0.0869140625
1 0.472900390625 0.38671875 0.06201171875 0.064453125
1 0.365478515625 0.260009765625 0.05029296875 0.06201171875
1 0.324462890625 0.22705078125 0.03466796875 0.0341796875
1 0.64794921875 0.34033203125 0.1083984375 0.0751953125
1 0.847900390625 0.192626953125 0.09326171875 0.09716796875
1 0.673095703125 0.566162109375 0.07958984375 0.07470703125
1 0.810302734375 0.555908203125 0.05126953125 0.06591796875
1 0.740966796875 0.459716796875 0.07470703125 0.07080078125
1 0.927490234375 0.625732421875 0.05322265625 0.04736328125
1 0.969970703125 0.62255859375 0.05712890625 0.0625
1 0.467041015625 0.792236328125 0.05224609375 0.03271484375
1 0.420654296875 0.826171875 0.04931640625 0.0390625
1 0.31494140625 0.842529296875 0.099609375 0.08447265625
1 0.407958984375 0.787353515625 0.06884765625 0.04638671875
1 0.68017578125 0.85546875 0.0478515625 0.052734375
1 0.587890625 0.87548828125 0.0322265625 0.0302734375
1 0.47021484375 0.82568359375 0.068359375 0.0458984375
1 0.299560546875 0.9482421875 0.08935546875 0.041015625
1 0.16259765625 0.923583984375 0.0703125 0.08447265625
1 0.1953125 0.97265625 0.083984375 0.0537109375
1 0.162109375 0.71826171875 0.0498046875 0.0400390625
1 0.151123046875 0.48388671875 0.04443359375 0.0615234375
1 0.269287109375 0.437255859375 0.06884765625 0.05322265625
1 0.1708984375 0.506591796875 0.046875 0.05419921875
1 0.21142578125 0.521728515625 0.0634765625 0.04833984375
1 0.06494140625 0.422607421875 0.0625 0.04736328125
1 0.559326171875 0.381591796875 0.04345703125 0.06982421875
1 0.506591796875 0.677734375 0.07275390625 0.060546875
1 0.64697265625 0.651123046875 0.06640625 0.10791015625
1 0.567138671875 0.619384765625 0.07470703125 0.08544921875
1 0.39404296875 0.593505859375 0.08203125 0.08056640625
1 0.211181640625 0.709716796875 0.05615234375 0.05615234375
1 0.1123046875 0.81884765625 0.0673828125 0.0654296875
1 0.242919921875 0.756591796875 0.03076171875 0.03369140625
1 0.11669921875 0.976806640625 0.0791015625 0.04541015625
1 0.26123046875 0.9765625 0.0634765625 0.0458984375
1 0.04296875 0.407470703125 0.0693359375 0.06689453125
1 0.281982421875 0.20361328125 0.03955078125 0.033203125
1 0.503173828125 0.295166015625 0.09033203125 0.09326171875
1 0.890869140625 0.644287109375 0.05224609375 0.07861328125
1 0.909423828125 0.859130859375 0.10693359375 0.04736328125
1 0.91796875 0.828369140625 0.037109375 0.03466796875
1 0.950927734375 0.82763671875 0.05517578125 0.046875
1 0.958984375 0.90185546875 0.064453125 0.060546875
1 0.11328125 0.470458984375 0.0537109375 0.04736328125
1 0.138671875 0.197998046875 0.0478515625 0.03076171875
1 0.059814453125 0.159423828125 0.03076171875 0.03466796875
1 0.079833984375 0.142333984375 0.02587890625 0.03857421875
1 0.4404296875 0.0185546875 0.072265625 0.037109375
1 0.803466796875 0.34033203125 0.05224609375 0.0478515625
1 0.795166015625 0.30322265625 0.04248046875 0.0537109375
1 0.77587890625 0.500732421875 0.056640625 0.06884765625
1 0.189453125 0.234619140625 0.064453125 0.09130859375
1 0.946533203125 0.198974609375 0.05419921875 0.04150390625
1 0.806396484375 0.69775390625 0.05712890625 0.0849609375
1 0.36376953125 0.3 0.0693359375 0.06640625
1 0.274169921875 0.613037109375 0.08837890625 0.08447265625
1 0.537841796875 0.94970703125 0.06298828125 0.0947265625
1 0.499267578125 0.952392578125 0.04052734375 0.06689453125
1 0.45068359375 0.94970703125 0.0595703125 0.07421875
1 0.482421875 0.90771484375 0.0498046875 0.044921875
1 0.70166015625 0.923095703125 0.0751953125 0.04443359375
1 0.352294921875 0.90625 0.04541015625 0.12109375
1 0.830078125 0.459228515625 0.083984375 0.05029296875
1 0.763671875 0.637451171875 0.0849609375 0.05908203125
1 0.981201171875 0.844970703125 0.03662109375 0.07373046875
1 0.451416015625 0.44091796875 0.10693359375 0.0791015625
1 0.414306640625 0.27783203125 0.06591796875 0.0673828125
1 0.543212890625 0.087890625 0.07177734375 0.076171875
1 0.591552734375 0.147705078125 0.06982421875 0.08349609375
1 0.568603515625 0.20263671875 0.09619140625 0.0625
1 0.68798828125 0.28125 0.099609375 0.1083984375
1 0.753173828125 0.338134765625 0.09521484375 0.10302734375
1 0.975830078125 0.070556640625 0.04736328125 0.08935546875
1 0.93798828125 0.671875 0.052734375 0.0517578125
1 0.1357421875 0.869384765625 0.0654296875 0.05615234375
1 0.11962890625 0.764404296875 0.0595703125 0.06494140625
1 0.03125 0.578369140625 0.0625 0.06982421875
1 0.065673828125 0.35693359375 0.08740234375 0.068359375
1 0.35791015625 0.41748046875 0.0908203125 0.1005859375
1 0.79736328125 0.411376953125 0.0830078125 0.09716796875
1 0.847900390625 0.41943359375 0.05419921875 0.0810546875
1 0.8671875 0.589111328125 0.078125 0.04833984375
1 0.173828125 0.027587890625 0.09375 0.05517578125
1 0.02197265625 0.0224609375 0.0439453125 0.044921875
1 0.133544921875 0.29345703125 0.10009765625 0.0703125
1 0.320068359375 0.27099609375 0.05126953125 0.0634765625
1 0.5849609375 0.388916015625 0.0419921875 0.07275390625
1 0.05224609375 0.736083984375 0.08984375 0.06494140625
1 0.06103515625 0.79345703125 0.0791015625 0.0732421875
1 0.110107421875 0.927734375 0.07275390625 0.0673828125
1 0.040283203125 0.921875 0.04248046875 0.0380859375
1 0.0830078125 0.8818359375 0.0556640625 0.0751953125
1 0.05712890625 0.466796875 0.0693359375 0.05078125
1 0.32666015625 0.19677734375 0.0498046875 0.04296875
1 0.27978515625 0.235107421875 0.0478515625 0.03466796875
1 0.89794921875 0.453125 0.0703125 0.04296875
1 0.924560546875 0.570556640625 0.07080078125 0.06298828125
1 0.60546875 0.90087890625 0.03125 0.037109375
1 0.571044921875 0.89111328125 0.04150390625 0.076171875
1 0.52734375 0.8984375 0.0537109375 0.0615234375
1 0.334716796875 0.726806640625 0.03955078125 0.06005859375
1 0.399658203125 0.702880859375 0.04443359375 0.06591796875
1 0.12890625 0.701904296875 0.0419921875 0.05029296875
1 0.226318359375 0.569091796875 0.06689453125 0.08251953125
1 0.048828125 0.233154296875 0.05859375 0.04931640625
1 0.382568359375 0.177978515625 0.07666015625 0.04638671875
1 0.61865234375 0.031494140625 0.0712890625 0.06298828125
1 0.178955078125 0.36279296875 0.08935546875 0.1162109375
1 0.23486328125 0.46630859375 0.0869140625 0.08984375
1 0.18798828125 0.453857421875 0.052734375 0.06787109375
1 0.0439453125 0.28662109375 0.087890625 0.0712890625
1 0.335693359375 0.110107421875 0.03955078125 0.03369140625
1 0.44287109375 0.068603515625 0.0625 0.08154296875
1 0.75390625 0.20458984375 0.078125 0.080078125
1 0.861083984375 0.12744140625 0.08740234375 0.052734375
1 0.927978515625 0.220458984375 0.05810546875 0.05908203125
1 0.935546875 0.27294921875 0.1181640625 0.109375
1 0.7548828125 0.55908203125 0.0693359375 0.0703125
1 0.96337890625 0.460693359375 0.0712890625 0.03662109375
1 0.655029296875 0.508056640625 0.08837890625 0.09521484375
1 0.61865234375 0.490966796875 0.072265625 0.07470703125
1 0.464599609375 0.50634765625 0.10205078125 0.0908203125
1 0.517822265625 0.425048828125 0.07568359375 0.05908203125
1 0.52587890625 0.5546875 0.0927734375 0.07421875
1 0.481201171875 0.60498046875 0.10888671875 0.1142578125
1 0.17724609375 0.563720703125 0.0556640625 0.06689453125
1 0.15771484375 0.629638671875 0.0576171875 0.07275390625
1 0.192626953125 0.664794921875 0.06396484375 0.06494140625
1 0.11572265625 0.39892578125 0.0546875 0.052734375
1 0.0263671875 0.110595703125 0.052734375 0.04833984375
1 0.071533203125 0.953369140625 0.07275390625 0.08544921875
1 0.632080078125 0.937255859375 0.06787109375 0.07861328125
1 0.92578125 0.956298828125 0.056640625 0.08642578125
1 0.911865234375 0.787109375 0.11181640625 0.0400390625
1 0.309326171875 0.09521484375 0.05322265625 0.0712890625
3 0.1279296875 0.15185546875 0.076171875 0.07421875
3 0.406982421875 0.879150390625 0.06884765625 0.09326171875
3 0.497802734375 0.8681640625 0.03369140625 0.060546875
3 0.639892578125 0.755859375 0.09130859375 0.0615234375
3 0.64599609375 0.81298828125 0.08984375 0.0693359375
3 0.65966796875 0.88330078125 0.09765625 0.0732421875
3 0.645263671875 0.10986328125 0.10791015625 0.103515625
3 0.64306640625 0.19189453125 0.052734375 0.0751953125
3 0.752685546875 0.6962890625 0.07861328125 0.0859375
3 0.49267578125 0.069580078125 0.06640625 0.13330078125
3 0.37158203125 0.087158203125 0.08203125 0.06494140625
3 0.517822265625 0.243408203125 0.07861328125 0.08056640625
3 0.34619140625 0.324462890625 0.072265625 0.09130859375
3 0.577880859375 0.264404296875 0.07177734375 0.07861328125
3 0.40576171875 0.350341796875 0.0576171875 0.09814453125
3 0.513427734375 0.37060546875 0.08056640625 0.0712890625
3 0.547607421875 0.3203125 0.07080078125 0.0625
3 0.397705078125 0.64892578125 0.08740234375 0.0439453125
3 0.3 0.730224609375 0.16796875 0.12158203125
3 0.339111328125 0.68017578125 0.08642578125 0.0986328125
3 0.166259765625 0.8291015625 0.05029296875 0.05859375
3 0.205322265625 0.847900390625 0.06005859375 0.05322265625
3 0.24267578125 0.814208984375 0.0810546875 0.10009765625
3 0.1875 0.772216796875 0.078125 0.09521484375
3 0.096923828125 0.728515625 0.08642578125 0.0654296875
3 0.138427734375 0.668212890625 0.04736328125 0.05224609375
3 0.2099609375 0.150146484375 0.0615234375 0.09423828125
3 0.26171875 0.112060546875 0.0517578125 0.08447265625
3 0.263916015625 0.26953125 0.07568359375 0.0595703125
3 0.207763671875 0.327880859375 0.04150390625 0.03564453125
3 0.98046875 0.373779296875 0.0380859375 0.06005859375
3 0.841552734375 0.490234375 0.04833984375 0.0537109375
3 0.9169921875 0.511474609375 0.037109375 0.06103515625
3 0.9580078125 0.52880859375 0.0498046875 0.0458984375
3 0.98046875 0.666259765625 0.0380859375 0.05029296875
3 0.811767578125 0.780029296875 0.09521484375 0.08837890625
3 0.76513671875 0.835205078125 0.08984375 0.08349609375
3 0.69140625 0.697265625 0.037109375 0.0361328125
3 0.7021484375 0.63916015625 0.064453125 0.091796875
3 0.830322265625 0.66650390625 0.06103515625 0.046875
3 0.730224609375 0.76025390625 0.07666015625 0.05859375
3 0.966552734375 0.951904296875 0.04345703125 0.07568359375
3 0.878662109375 0.974853515625 0.06298828125 0.04931640625
3 0.8310546875 0.960693359375 0.0634765625 0.05908203125
3 0.5595703125 0.8125 0.0361328125 0.06640625
3 0.5224609375 0.7822265625 0.0673828125 0.0634765625
3 0.531005859375 0.837158203125 0.05322265625 0.04736328125
3 0.115234375 0.435791015625 0.0400390625 0.02978515625
3 0.45361328125 0.20947265625 0.083984375 0.0927734375
3 0.383544921875 0.21826171875 0.06982421875 0.0625
3 0.3876953125 0.043212890625 0.072265625 0.08154296875
3 0.854736328125 0.24462890625 0.08056640625 0.0595703125
3 0.942138671875 0.145263671875 0.09228515625 0.09228515625
3 0.796630859375 0.600830078125 0.05029296875 0.04345703125
3 0.03466796875 0.149169921875 0.029296875 0.04736328125
3 0.718994140625 0.959228515625 0.09521484375 0.07373046875
3 0.219970703125 0.920166015625 0.08251953125 0.08154296875
3 0.046142578125 0.794677734375 0.04052734375 0.03173828125
3 0.01611328125 0.776123046875 0.0322265625 0.05322265625
3 0.60205078125 0.669677734375 0.0791015625 0.09033203125
3 0.0244140625 0.96337890625 0.048828125 0.072265625
3 0.236083984375 0.109619140625 0.03271484375 0.03564453125
3 0.803955078125 0.17236328125 0.03173828125 0.029296875
2 0.10009765625 0.661376953125 0.0791015625 0.09912109375
